200 38.987
210 39.302  
220 39.623 
230 39.951
240 40.288  
250 40.634  
260 40.989 
270 41.352
280 41.724
290 42.102
298.15 42.416 
300 42.487 
350 44.475 
400 46.482 
450 48.416 
500 50.229  
600 53.441
700 56.166  
800 58.523  
900 60.608 
1000 62.481  
1100 64.175
1200 65.713 
1300 67.109
1400 68.377
1500 69.529
1600 70.576
1700 71.528  
1800 72.395  
1900 73.187 
2000 73.911
2100 74.576
2200 75.187  
2300 75.752 
2400 76.274  
2500 76.759  
2600 77.211  
2700 77.633  
2800 78.029  
2900 78.400  
3000 78.751  
3100 79.083  
3200 79.397 
3300 79.696 
3400 79.981 
3500 80.254 
3600 80.515  
3700 80.765  
3800 81.006  
3900 81.239 
4000 81.464  
4100 81.681  
4200 81.892 
4300 82.097 
4400 82.296
4500 82.491 
4600 82.680 
4700 82.866 
4800 83.047 
4900 83.224 
5000 83.399 
5100 83.570 
5200 83.738 
5300 83.903 
5400 84.066 
5500 84.227 
5600 84.385 
5700 84.541 
5800 84.695 
5900 84.848  
6000 84.999 
