200		29.124	
210     29.126
220     29.127
230     29.129
240     29.131
250		29.134	
260     29.137
270     29.141
280     29.145
290     29.151
298.15		29.156	
300		29.158	
350		29.217	
400		29.329	
450		29.503	
500		29.737	
600		30.351	
700		31.070	
800		31.808	
900		32.512	
1000		33.157	
1100		33.736	
1200		34.250	
1300		34.705	
1400		35.108	
1500		35.466	
1600		35.786	
1700		36.074	
1800		36.335	
1900		36.574	
2000		36.794	
2100		36.998	
2200		37.189	
2300		37.369	
2400		37.540	
2500		37.703	
2600		37.859	
2700		38.008	
2800		38.152	
2900		38.290	
3000		38.423	
3100		38.549	
3200		38.668	
3300		38.780	
3400		38.885	
3500		38.981	
3600		39.068	
3700		39.145	
3800		39.211	
3900		39.266	
4000		39.310	
4100		39.341	
4200		39.360	
4300		39.366	
4400		39.360	
4500		39.360	
4600		39.307	
4700		39.262	
4800		39.203	
4900		39.133	
5000		39.051	
5100		38.957	
5200		38.852	
5300		38.736	
5400		38.610	
5500		38.475	
5600		38.331	
5700		38.179	
5800		38.019	
5900		37.852		
6000		37.678		