200 42.756
210 43.924
220 45.101 
230 46.281
240 47.459 
250 48.631  
260 49.793
270 50.942 
280 52.076 
290 53.194 
298.15 54.092 
300 54.294 
350 59.507 
400 64.210 
450 68.405 
500 72.122 
600 78.280
700 83.033  
800 86.706
900 89.567  
1000 91.818 
1100 93.608 
1200 95.049 
1300 96.221 
1400 97.184
1500 97.984
1600 98.654
1700 99.220 
1800 99.701 
1900 100.115 
2000 100.471 
2100 100.781 
2200 101.052  
2300 101.290 
2400 101.499 
2500 101.686
2600 101.852 
2700 102.000 
2800 102.133
2900 102.253
3000 102.362 
3100 102.460
3200 102.549  
3300 102.631 
3400 102.706
3500 102.774 
