200 33.332 
300 33.571 
400 34.239 
500 35.208 
600 36.315 
700 37.492  
800 38.723  
900 39.993  
1000 41.278  
1100 42.553 
1200 43.795 
1300 44.986  
1400 46.114  
1500 47.173  
1600 48.160  
1700 49.078  
1800 49.929  
1900 50.718  
2000 51.452  
2100 52.136  
2200 52.776 
2300 53.380 
2400 53.953  
2500 54.500  
2600 55.026  
2700 55.536 
2800 56.033  
2900 56.519  
3000 56.996  
3100 57.466  
3200 57.928  
3300 58.381  
3400 58.824  
3500 59.255  
3600 59.671  
3700 60.067  
3800 60.441  
3900 60.788  
4000 61.104  
4100 61.385  
4200 61.627  
4300 61.827  
4400 61.981  
4500 62.087  
4600 62.143  
4700 62.147  
4800 62.098  
4900 61.997  
5000 61.844 

