200	33.754
201	33.765
202	33.777
203	33.789
204	33.801
205	33.814
206	33.826
207	33.839
208	33.852
209	33.865
210	33.878
211	33.891
212	33.905
213	33.918
214	33.932
215	33.946
216	33.96
217	33.975
218	33.989
219	34.004
220	34.019
221	34.034
222	34.049
223	34.064
224	34.079
225	34.095
226	34.111
227	34.127
228	34.143
229	34.159
230	34.176
231	34.192
232	34.209
233	34.226
234	34.243
235	34.26
236	34.278
237	34.295
238	34.313
239	34.331
240	34.349
241	34.367
242	34.385
243	34.404
244	34.422
245	34.441
246	34.46
247	34.479
248	34.498
249	34.518
250	34.537
251	34.557
252	34.577
253	34.596
254	34.617
255	34.637
256	34.657
257	34.678
258	34.698
259	34.719
260	34.74
261	34.761
262	34.783
263	34.804
264	34.825
265	34.847
266	34.869
267	34.891
268	34.913
269	34.935
270	34.957
271	34.98
272	35.002
273	35.025
274	35.048
275	35.071
276	35.094
277	35.117
278	35.141
279	35.164
280	35.188
281	35.212
282	35.236
283	35.26
284	35.284
285	35.308
286	35.332
287	35.357
288	35.381
289	35.406
290	35.431
291	35.456
292	35.481
293	35.506
294	35.532
295	35.557
296	35.582
297	35.608
298	35.634
299	35.66
300	35.686
301	35.712
302	35.738
303	35.764
304	35.791
305	35.817
306	35.844
307	35.87
308	35.897
309	35.924
310	35.951
311	35.978
312	36.006
313	36.033
314	36.06
315	36.088
316	36.115
317	36.143
318	36.171
319	36.199
320	36.227
321	36.255
322	36.283
323	36.311
324	36.339
325	36.368
326	36.396
327	36.425
328	36.453
329	36.482
330	36.511
331	36.54
332	36.569
333	36.598
334	36.627
335	36.656
336	36.686
337	36.715
338	36.744
339	36.774
340	36.804
341	36.833
342	36.863
343	36.893
344	36.923
345	36.953
346	36.983
347	37.013
348	37.043
349	37.073
350	37.103
351	37.134
352	37.164
353	37.195
354	37.225
355	37.256
356	37.287
357	37.317
358	37.348
359	37.379
360	37.41
361	37.441
362	37.472
363	37.503
364	37.534
365	37.565
366	37.596
367	37.628
368	37.659
369	37.69
370	37.722
371	37.753
372	37.785
373	37.816
374	37.848
375	37.88
376	37.911
377	37.943
378	37.975
379	38.007
380	38.039
381	38.07
382	38.102
383	38.134
384	38.166
385	38.198
386	38.231
387	38.263
388	38.295
389	38.327
390	38.359
391	38.392
392	38.424
393	38.456
394	38.489
395	38.521
396	38.554
397	38.586
398	38.619
399	38.651
400	38.684
401	38.716
402	38.749
403	38.782
404	38.814
405	38.847
406	38.88
407	38.912
408	38.945
409	38.978
410	39.011
411	39.044
412	39.076
413	39.109
414	39.142
415	39.175
416	39.208
417	39.241
418	39.274
419	39.307
420	39.34
421	39.373
422	39.406
423	39.439
424	39.472
425	39.505
426	39.538
427	39.571
428	39.604
429	39.638
430	39.671
431	39.704
432	39.737
433	39.77
434	39.803
435	39.837
436	39.87
437	39.903
438	39.936
439	39.969
440	40.003
441	40.036
442	40.069
443	40.102
444	40.136
445	40.169
446	40.202
447	40.235
448	40.269
449	40.302
450	40.335
451	40.368
452	40.402
453	40.435
454	40.468
455	40.502
456	40.535
457	40.568
458	40.601
459	40.635
460	40.668
461	40.701
462	40.734
463	40.768
464	40.801
465	40.834
466	40.867
467	40.901
468	40.934
469	40.967
470	41
471	41.034
472	41.067
473	41.1
474	41.133
475	41.167
476	41.2
477	41.233
478	41.266
479	41.299
480	41.333
481	41.366
482	41.399
483	41.432
484	41.465
485	41.498
486	41.531
487	41.565
488	41.598
489	41.631
490	41.664
491	41.697
492	41.73
493	41.763
494	41.796
495	41.829
496	41.862
497	41.895
498	41.928
499	41.961
500	41.994
501	42.027
502	42.06
503	42.093
504	42.126
505	42.159
506	42.192
507	42.225
508	42.257
509	42.29
510	42.323
511	42.356
512	42.389
513	42.422
514	42.454
515	42.487
516	42.52
517	42.553
518	42.585
519	42.618
520	42.651
521	42.683
522	42.716
523	42.749
524	42.781
525	42.814
526	42.847
527	42.879
528	42.912
529	42.944
530	42.977
531	43.009
532	43.042
533	43.074
534	43.107
535	43.139
536	43.172
537	43.204
538	43.236
539	43.269
540	43.301
541	43.333
542	43.366
543	43.398
544	43.43
545	43.462
546	43.495
547	43.527
548	43.559
549	43.591
550	43.623
551	43.656
552	43.688
553	43.72
554	43.752
555	43.784
556	43.816
557	43.848
558	43.88
559	43.912
560	43.944
561	43.976
562	44.008
563	44.04
564	44.072
565	44.104
566	44.135
567	44.167
568	44.199
569	44.231
570	44.263
571	44.294
572	44.326
573	44.358
574	44.389
575	44.421
576	44.453
577	44.484
578	44.516
579	44.548
580	44.579
581	44.611
582	44.642
583	44.674
584	44.705
585	44.737
586	44.768
587	44.799
588	44.831
589	44.862
590	44.894
591	44.925
592	44.956
593	44.987
594	45.019
595	45.05
596	45.081
597	45.112
598	45.144
599	45.175
600	45.206
601	45.237
602	45.268
603	45.299
604	45.33
605	45.361
606	45.392
607	45.423
608	45.454
609	45.485
610	45.516
611	45.547
612	45.578
613	45.609
614	45.64
615	45.67
616	45.701
617	45.732
618	45.763
619	45.793
620	45.824
621	45.855
622	45.886
623	45.916
624	45.947
625	45.977
626	46.008
627	46.039
628	46.069
629	46.1
630	46.13
631	46.161
632	46.191
633	46.222
634	46.252
635	46.282
636	46.313
637	46.343
638	46.373
639	46.404
640	46.434
641	46.464
642	46.495
643	46.525
644	46.555
645	46.585
646	46.615
647	46.645
648	46.676
649	46.706
650	46.736
651	46.766
652	46.796
653	46.826
654	46.856
655	46.886
656	46.916
657	46.946
658	46.976
659	47.006
660	47.035
661	47.065
662	47.095
663	47.125
664	47.155
665	47.184
666	47.214
667	47.244
668	47.274
669	47.303
670	47.333
671	47.363
672	47.392
673	47.422
674	47.451
675	47.481
676	47.511
677	47.54
678	47.57
679	47.599
680	47.629
681	47.658
682	47.687
683	47.717
684	47.746
685	47.776
686	47.805
687	47.834
688	47.863
689	47.893
690	47.922
691	47.951
692	47.98
693	48.01
694	48.039
695	48.068
696	48.097
697	48.126
698	48.155
699	48.184
700	48.213
701	48.243
702	48.272
703	48.301
704	48.33
705	48.358
706	48.387
707	48.416
708	48.445
709	48.474
710	48.503
711	48.532
712	48.561
713	48.589
714	48.618
715	48.647
716	48.676
717	48.704
718	48.733
719	48.762
720	48.79
721	48.819
722	48.848
723	48.876
724	48.905
725	48.933
726	48.962
727	48.991
728	49.019
729	49.048
730	49.076
731	49.104
732	49.133
733	49.161
734	49.19
735	49.218
736	49.246
737	49.275
738	49.303
739	49.331
740	49.36
741	49.388
742	49.416
743	49.444
744	49.473
745	49.501
746	49.529
747	49.557
748	49.585
749	49.613
750	49.641
751	49.669
752	49.697
753	49.725
754	49.753
755	49.781
756	49.809
757	49.837
758	49.865
759	49.893
760	49.921
761	49.949
762	49.977
763	50.005
764	50.033
765	50.06
766	50.088
767	50.116
768	50.144
769	50.171
770	50.199
771	50.227
772	50.254
773	50.282
774	50.31
775	50.337
776	50.365
777	50.393
778	50.42
779	50.448
780	50.475
781	50.503
782	50.53
783	50.558
784	50.585
785	50.613
786	50.64
787	50.667
788	50.695
789	50.722
790	50.749
791	50.777
792	50.804
793	50.831
794	50.859
795	50.886
796	50.913
797	50.94
798	50.968
799	50.995
800	51.022
801	51.049
802	51.076
803	51.103
804	51.13
805	51.157
806	51.184
807	51.211
808	51.238
809	51.265
810	51.292
811	51.319
812	51.346
813	51.373
814	51.4
815	51.427
816	51.454
817	51.481
818	51.508
819	51.534
820	51.561
821	51.588
822	51.615
823	51.642
824	51.668
825	51.695
826	51.722
827	51.748
828	51.775
829	51.802
830	51.828
831	51.855
832	51.881
833	51.908
834	51.935
835	51.961
836	51.988
837	52.014
838	52.041
839	52.067
840	52.093
841	52.12
842	52.146
843	52.173
844	52.199
845	52.225
846	52.252
847	52.278
848	52.304
849	52.331
850	52.357
851	52.383
852	52.409
853	52.436
854	52.462
855	52.488
856	52.514
857	52.54
858	52.566
859	52.592
860	52.619
861	52.645
862	52.671
863	52.697
864	52.723
865	52.749
866	52.775
867	52.801
868	52.827
869	52.853
870	52.878
871	52.904
872	52.93
873	52.956
874	52.982
875	53.008
876	53.034
877	53.059
878	53.085
879	53.111
880	53.137
881	53.162
882	53.188
883	53.214
884	53.239
885	53.265
886	53.291
887	53.316
888	53.342
889	53.367
890	53.393
891	53.418
892	53.444
893	53.469
894	53.495
895	53.52
896	53.546
897	53.571
898	53.597
899	53.622
900	53.648
901	53.673
902	53.698
903	53.724
904	53.749
905	53.774
906	53.799
907	53.825
908	53.85
909	53.875
910	53.9
911	53.926
912	53.951
913	53.976
914	54.001
915	54.026
916	54.051
917	54.076
918	54.101
919	54.126
920	54.152
921	54.177
922	54.202
923	54.226
924	54.251
925	54.276
926	54.301
927	54.326
928	54.351
929	54.376
930	54.401
931	54.426
932	54.451
933	54.475
934	54.5
935	54.525
936	54.55
937	54.574
938	54.599
939	54.624
940	54.648
941	54.673
942	54.698
943	54.722
944	54.747
945	54.772
946	54.796
947	54.821
948	54.845
949	54.87
950	54.894
951	54.919
952	54.943
953	54.968
954	54.992
955	55.017
956	55.041
957	55.065
958	55.09
959	55.114
960	55.138
961	55.163
962	55.187
963	55.211
964	55.236
965	55.26
966	55.284
967	55.308
968	55.332
969	55.357
970	55.381
971	55.405
972	55.429
973	55.453
974	55.477
975	55.501
976	55.525
977	55.549
978	55.573
979	55.597
980	55.621
981	55.645
982	55.669
983	55.693
984	55.717
985	55.741
986	55.765
987	55.789
988	55.813
989	55.836
990	55.86
991	55.884
992	55.908
993	55.932
994	55.955
995	55.979
996	56.003
997	56.026
998	56.05
999	56.074
1000	56.097
1001	56.121
1002	56.145
1003	56.168
1004	56.192
1005	56.215
1006	56.239
1007	56.262
1008	56.286
1009	56.309
1010	56.333
1011	56.356
1012	56.38
1013	56.403
1014	56.426
1015	56.45
1016	56.473
1017	56.496
1018	56.52
1019	56.543
1020	56.566
1021	56.59
1022	56.613
1023	56.636
1024	56.659
1025	56.682
1026	56.706
1027	56.729
1028	56.752
1029	56.775
1030	56.798
1031	56.821
1032	56.844
1033	56.867
1034	56.89
1035	56.913
1036	56.936
1037	56.959
1038	56.982
1039	57.005
1040	57.028
1041	57.051
1042	57.074
1043	57.097
1044	57.12
1045	57.143
1046	57.165
1047	57.188
1048	57.211
1049	57.234
1050	57.257
1051	57.279
1052	57.302
1053	57.325
1054	57.347
1055	57.37
1056	57.393
1057	57.415
1058	57.438
1059	57.461
1060	57.483
1061	57.506
1062	57.528
1063	57.551
1064	57.573
1065	57.596
1066	57.618
1067	57.641
1068	57.663
1069	57.686
1070	57.708
1071	57.73
1072	57.753
1073	57.775
1074	57.797
1075	57.82
1076	57.842
1077	57.864
1078	57.887
1079	57.909
1080	57.931
1081	57.953
1082	57.975
1083	57.998
1084	58.02
1085	58.042
1086	58.064
1087	58.086
1088	58.108
1089	58.13
1090	58.152
1091	58.174
1092	58.196
1093	58.218
1094	58.24
1095	58.262
1096	58.284
1097	58.306
1098	58.328
1099	58.35
1100	58.372
1101	58.394
1102	58.416
1103	58.437
1104	58.459
1105	58.481
1106	58.503
1107	58.525
1108	58.546
1109	58.568
1110	58.59
1111	58.611
1112	58.633
1113	58.655
1114	58.676
1115	58.698
1116	58.72
1117	58.741
1118	58.763
1119	58.784
1120	58.806
1121	58.827
1122	58.849
1123	58.87
1124	58.892
1125	58.913
1126	58.934
1127	58.956
1128	58.977
1129	58.999
1130	59.02
1131	59.041
1132	59.063
1133	59.084
1134	59.105
1135	59.126
1136	59.148
1137	59.169
1138	59.19
1139	59.211
1140	59.232
1141	59.254
1142	59.275
1143	59.296
1144	59.317
1145	59.338
1146	59.359
1147	59.38
1148	59.401
1149	59.422
1150	59.443
1151	59.464
1152	59.485
1153	59.506
1154	59.527
1155	59.548
1156	59.569
1157	59.59
1158	59.611
1159	59.631
1160	59.652
1161	59.673
1162	59.694
1163	59.715
1164	59.735
1165	59.756
1166	59.777
1167	59.797
1168	59.818
1169	59.839
1170	59.859
1171	59.88
1172	59.901
1173	59.921
1174	59.942
1175	59.962
1176	59.983
1177	60.003
1178	60.024
1179	60.044
1180	60.065
1181	60.085
1182	60.106
1183	60.126
1184	60.147
1185	60.167
1186	60.187
1187	60.208
1188	60.228
1189	60.248
1190	60.269
1191	60.289
1192	60.309
1193	60.329
1194	60.35
1195	60.37
1196	60.39
1197	60.41
1198	60.43
1199	60.45
1200	60.471
1201	60.491
1202	60.511
1203	60.531
1204	60.551
1205	60.571
1206	60.591
1207	60.611
1208	60.631
1209	60.651
1210	60.671
1211	60.691
1212	60.711
1213	60.73
1214	60.75
1215	60.77
1216	60.79
1217	60.81
1218	60.83
1219	60.849
1220	60.869
1221	60.889
1222	60.909
1223	60.928
1224	60.948
1225	60.968
1226	60.987
1227	61.007
1228	61.027
1229	61.046
1230	61.066
1231	61.086
1232	61.105
1233	61.125
1234	61.144
1235	61.164
1236	61.183
1237	61.203
1238	61.222
1239	61.241
1240	61.261
1241	61.28
1242	61.3
1243	61.319
1244	61.338
1245	61.358
1246	61.377
1247	61.396
1248	61.416
1249	61.435
1250	61.454
1251	61.473
1252	61.493
1253	61.512
1254	61.531
1255	61.55
1256	61.569
1257	61.588
1258	61.607
1259	61.627
1260	61.646
1261	61.665
1262	61.684
1263	61.703
1264	61.722
1265	61.741
1266	61.76
1267	61.779
1268	61.798
1269	61.816
1270	61.835
1271	61.854
1272	61.873
1273	61.892
1274	61.911
1275	61.93
1276	61.948
1277	61.967
1278	61.986
1279	62.005
1280	62.023
1281	62.042
1282	62.061
1283	62.079
1284	62.098
1285	62.117
1286	62.135
1287	62.154
1288	62.172
1289	62.191
1290	62.21
1291	62.228
1292	62.247
1293	62.265
1294	62.284
1295	62.302
1296	62.321
1297	62.339
1298	62.357
1299	62.376
1300	62.394
1301	62.412
1302	62.431
1303	62.449
1304	62.467
1305	62.486
1306	62.504
1307	62.522
1308	62.541
1309	62.559
1310	62.577
1311	62.595
1312	62.613
1313	62.631
1314	62.65
1315	62.668
1316	62.686
1317	62.704
1318	62.722
1319	62.74
1320	62.758
1321	62.776
1322	62.794
1323	62.812
1324	62.83
1325	62.848
1326	62.866
1327	62.884
1328	62.902
1329	62.919
1330	62.937
1331	62.955
1332	62.973
1333	62.991
1334	63.009
1335	63.026
1336	63.044
1337	63.062
1338	63.08
1339	63.097
1340	63.115
1341	63.133
1342	63.15
1343	63.168
1344	63.186
1345	63.203
1346	63.221
1347	63.238
1348	63.256
1349	63.273
1350	63.291
1351	63.308
1352	63.326
1353	63.343
1354	63.361
1355	63.378
1356	63.396
1357	63.413
1358	63.43
1359	63.448
1360	63.465
1361	63.482
1362	63.5
1363	63.517
1364	63.534
1365	63.551
1366	63.569
1367	63.586
1368	63.603
1369	63.62
1370	63.637
1371	63.655
1372	63.672
1373	63.689
1374	63.706
1375	63.723
1376	63.74
1377	63.757
1378	63.774
1379	63.791
1380	63.808
1381	63.825
1382	63.842
1383	63.859
1384	63.876
1385	63.893
1386	63.91
1387	63.927
1388	63.944
1389	63.96
1390	63.977
1391	63.994
1392	64.011
1393	64.028
1394	64.044
1395	64.061
1396	64.078
1397	64.095
1398	64.111
1399	64.128
1400	64.145
1401	64.161
1402	64.178
1403	64.194
1404	64.211
1405	64.228
1406	64.244
1407	64.261
1408	64.277
1409	64.294
1410	64.31
1411	64.327
1412	64.343
1413	64.36
1414	64.376
1415	64.392
1416	64.409
1417	64.425
1418	64.442
1419	64.458
1420	64.474
1421	64.49
1422	64.507
1423	64.523
1424	64.539
1425	64.555
1426	64.572
1427	64.588
1428	64.604
1429	64.62
1430	64.636
1431	64.653
1432	64.669
1433	64.685
1434	64.701
1435	64.717
1436	64.733
1437	64.749
1438	64.765
1439	64.781
1440	64.797
1441	64.813
1442	64.829
1443	64.845
1444	64.861
1445	64.877
1446	64.892
1447	64.908
1448	64.924
1449	64.94
1450	64.956
1451	64.972
1452	64.987
1453	65.003
1454	65.019
1455	65.035
1456	65.05
1457	65.066
1458	65.082
1459	65.097
1460	65.113
1461	65.128
1462	65.144
1463	65.16
1464	65.175
1465	65.191
1466	65.206
1467	65.222
1468	65.237
1469	65.253
1470	65.268
1471	65.284
1472	65.299
1473	65.315
1474	65.33
1475	65.345
1476	65.361
1477	65.376
1478	65.391
1479	65.407
1480	65.422
1481	65.437
1482	65.453
1483	65.468
1484	65.483
1485	65.498
1486	65.513
1487	65.529
1488	65.544
1489	65.559
1490	65.574
1491	65.589
1492	65.604
1493	65.619
1494	65.634
1495	65.649
1496	65.665
1497	65.68
1498	65.695
1499	65.709
1500	65.724
1501	65.739
1502	65.754
1503	65.769
1504	65.784
1505	65.799
1506	65.814
1507	65.829
1508	65.844
1509	65.858
1510	65.873
1511	65.888
1512	65.903
1513	65.917
1514	65.932
1515	65.947
1516	65.962
1517	65.976
1518	65.991
1519	66.005
1520	66.02
1521	66.035
1522	66.049
1523	66.064
1524	66.078
1525	66.093
1526	66.107
1527	66.122
1528	66.136
1529	66.151
1530	66.165
1531	66.18
1532	66.194
1533	66.209
1534	66.223
1535	66.237
1536	66.252
1537	66.266
1538	66.28
1539	66.295
1540	66.309
1541	66.323
1542	66.338
1543	66.352
1544	66.366
1545	66.38
1546	66.394
1547	66.409
1548	66.423
1549	66.437
1550	66.451
1551	66.465
1552	66.479
1553	66.493
1554	66.507
1555	66.521
1556	66.535
1557	66.549
1558	66.563
1559	66.577
1560	66.591
1561	66.605
1562	66.619
1563	66.633
1564	66.647
1565	66.661
1566	66.675
1567	66.688
1568	66.702
1569	66.716
1570	66.73
1571	66.744
1572	66.757
1573	66.771
1574	66.785
1575	66.798
1576	66.812
1577	66.826
1578	66.839
1579	66.853
1580	66.867
1581	66.88
1582	66.894
1583	66.907
1584	66.921
1585	66.934
1586	66.948
1587	66.961
1588	66.975
1589	66.988
1590	67.002
1591	67.015
1592	67.029
1593	67.042
1594	67.055
1595	67.069
1596	67.082
1597	67.095
1598	67.109
1599	67.122
1600	67.135
1601	67.149
1602	67.162
1603	67.175
1604	67.188
1605	67.201
1606	67.215
1607	67.228
1608	67.241
1609	67.254
1610	67.267
1611	67.28
1612	67.293
1613	67.306
1614	67.319
1615	67.332
1616	67.345
1617	67.358
1618	67.371
1619	67.384
1620	67.397
1621	67.41
1622	67.423
1623	67.436
1624	67.449
1625	67.462
1626	67.475
1627	67.487
1628	67.5
1629	67.513
1630	67.526
1631	67.539
1632	67.551
1633	67.564
1634	67.577
1635	67.589
1636	67.602
1637	67.615
1638	67.627
1639	67.64
1640	67.653
1641	67.665
1642	67.678
1643	67.69
1644	67.703
1645	67.715
1646	67.728
1647	67.74
1648	67.753
1649	67.765
1650	67.778
1651	67.79
1652	67.802
1653	67.815
1654	67.827
1655	67.84
1656	67.852
1657	67.864
1658	67.876
1659	67.889
1660	67.901
1661	67.913
1662	67.925
1663	67.938
1664	67.95
1665	67.962
1666	67.974
1667	67.986
1668	67.999
1669	68.011
1670	68.023
1671	68.035
1672	68.047
1673	68.059
1674	68.071
1675	68.083
1676	68.095
1677	68.107
1678	68.119
1679	68.131
1680	68.143
1681	68.155
1682	68.167
1683	68.178
1684	68.19
1685	68.202
1686	68.214
1687	68.226
1688	68.238
1689	68.249
1690	68.261
1691	68.273
1692	68.285
1693	68.296
1694	68.308
1695	68.32
1696	68.331
1697	68.343
1698	68.355
1699	68.366
1700	68.378
1701	68.389
1702	68.401
1703	68.412
1704	68.424
1705	68.435
1706	68.447
1707	68.458
1708	68.47
1709	68.481
1710	68.493
1711	68.504
1712	68.515
1713	68.527
1714	68.538
1715	68.549
1716	68.561
1717	68.572
1718	68.583
1719	68.595
1720	68.606
1721	68.617
1722	68.628
1723	68.64
1724	68.651
1725	68.662
1726	68.673
1727	68.684
1728	68.695
1729	68.706
1730	68.717
1731	68.728
1732	68.74
1733	68.751
1734	68.762
1735	68.773
1736	68.784
1737	68.794
1738	68.805
1739	68.816
1740	68.827
1741	68.838
1742	68.849
1743	68.86
1744	68.871
1745	68.882
1746	68.892
1747	68.903
1748	68.914
1749	68.925
1750	68.935
1751	68.946
1752	68.957
1753	68.967
1754	68.978
1755	68.989
1756	68.999
1757	69.01
1758	69.021
1759	69.031
1760	69.042
1761	69.052
1762	69.063
1763	69.073
1764	69.084
1765	69.094
1766	69.105
1767	69.115
1768	69.126
1769	69.136
1770	69.147
1771	69.157
1772	69.167
1773	69.178
1774	69.188
1775	69.198
1776	69.209
1777	69.219
1778	69.229
1779	69.239
1780	69.25
1781	69.26
1782	69.27
1783	69.28
1784	69.29
1785	69.3
1786	69.311
1787	69.321
1788	69.331
1789	69.341
1790	69.351
1791	69.361
1792	69.371
1793	69.381
1794	69.391
1795	69.401
1796	69.411
1797	69.421
1798	69.431
1799	69.441
1800	69.45
1801	69.46
1802	69.47
1803	69.48
1804	69.49
1805	69.5
1806	69.509
1807	69.519
1808	69.529
1809	69.539
1810	69.548
1811	69.558
1812	69.568
1813	69.577
1814	69.587
1815	69.597
1816	69.606
1817	69.616
1818	69.625
1819	69.635
1820	69.644
1821	69.654
1822	69.663
1823	69.673
1824	69.682
1825	69.692
1826	69.701
1827	69.711
1828	69.72
1829	69.729
1830	69.739
1831	69.748
1832	69.758
1833	69.767
1834	69.776
1835	69.785
1836	69.795
1837	69.804
1838	69.813
1839	69.822
1840	69.832
1841	69.841
1842	69.85
1843	69.859
1844	69.868
1845	69.877
1846	69.886
1847	69.895
1848	69.904
1849	69.913
1850	69.922
1851	69.931
1852	69.94
1853	69.949
1854	69.958
1855	69.967
1856	69.976
1857	69.985
1858	69.994
1859	70.003
1860	70.012
1861	70.021
1862	70.029
1863	70.038
1864	70.047
1865	70.056
1866	70.064
1867	70.073
1868	70.082
1869	70.09
1870	70.099
1871	70.108
1872	70.116
1873	70.125
1874	70.134
1875	70.142
1876	70.151
1877	70.159
1878	70.168
1879	70.176
1880	70.185
1881	70.193
1882	70.202
1883	70.21
1884	70.219
1885	70.227
1886	70.236
1887	70.244
1888	70.252
1889	70.261
1890	70.269
1891	70.277
1892	70.286
1893	70.294
1894	70.302
1895	70.31
1896	70.318
1897	70.327
1898	70.335
1899	70.343
1900	70.351
1901	70.359
1902	70.367
1903	70.375
1904	70.384
1905	70.392
1906	70.4
1907	70.408
1908	70.416
1909	70.424
1910	70.432
1911	70.44
1912	70.448
1913	70.455
1914	70.463
1915	70.471
1916	70.479
1917	70.487
1918	70.495
1919	70.503
1920	70.51
1921	70.518
1922	70.526
1923	70.534
1924	70.541
1925	70.549
1926	70.557
1927	70.565
1928	70.572
1929	70.58
1930	70.587
1931	70.595
1932	70.603
1933	70.61
1934	70.618
1935	70.625
1936	70.633
1937	70.64
1938	70.648
1939	70.655
1940	70.663
1941	70.67
1942	70.677
1943	70.685
1944	70.692
1945	70.7
1946	70.707
1947	70.714
1948	70.722
1949	70.729
1950	70.736
1951	70.743
1952	70.751
1953	70.758
1954	70.765
1955	70.772
1956	70.779
1957	70.787
1958	70.794
1959	70.801
1960	70.808
1961	70.815
1962	70.822
1963	70.829
1964	70.836
1965	70.843
1966	70.85
1967	70.857
1968	70.864
1969	70.871
1970	70.878
1971	70.885
1972	70.892
1973	70.898
1974	70.905
1975	70.912
1976	70.919
1977	70.926
1978	70.932
1979	70.939
1980	70.946
1981	70.953
1982	70.959
1983	70.966
1984	70.973
1985	70.979
1986	70.986
1987	70.993
1988	70.999
1989	71.006
1990	71.012
1991	71.019
1992	71.025
1993	71.032
1994	71.038
1995	71.045
1996	71.051
1997	71.058
1998	71.064
1999	71.071
2000	71.077
2001	71.083
2002	71.09
2003	71.096
2004	71.102
2005	71.109
2006	71.115
2007	71.121
2008	71.127
2009	71.134
2010	71.14
2011	71.146
2012	71.152
2013	71.158
2014	71.164
2015	71.171
2016	71.177
2017	71.183
2018	71.189
2019	71.195
2020	71.201
2021	71.207
2022	71.213
2023	71.219
2024	71.225
2025	71.231
2026	71.237
2027	71.243
2028	71.248
2029	71.254
2030	71.26
2031	71.266
2032	71.272
2033	71.278
2034	71.283
2035	71.289
2036	71.295
2037	71.301
2038	71.306
2039	71.312
2040	71.318
2041	71.323
2042	71.329
2043	71.335
2044	71.34
2045	71.346
2046	71.351
2047	71.357
2048	71.362
2049	71.368
2050	71.373
2051	71.379
2052	71.384
2053	71.39
2054	71.395
2055	71.401
2056	71.406
2057	71.411
2058	71.417
2059	71.422
2060	71.427
2061	71.433
2062	71.438
2063	71.443
2064	71.448
2065	71.454
2066	71.459
2067	71.464
2068	71.469
2069	71.474
2070	71.48
2071	71.485
2072	71.49
2073	71.495
2074	71.5
2075	71.505
2076	71.51
2077	71.515
2078	71.52
2079	71.525
2080	71.53
2081	71.535
2082	71.54
2083	71.545
2084	71.55
2085	71.554
2086	71.559
2087	71.564
2088	71.569
2089	71.574
2090	71.578
2091	71.583
2092	71.588
2093	71.593
2094	71.597
2095	71.602
2096	71.607
2097	71.611
2098	71.616
2099	71.621
2100	71.625
2101	71.63
2102	71.634
2103	71.639
2104	71.643
2105	71.648
2106	71.652
2107	71.657
2108	71.661
2109	71.666
2110	71.67
2111	71.675
2112	71.679
2113	71.683
2114	71.688
2115	71.692
2116	71.696
2117	71.701
2118	71.705
2119	71.709
2120	71.713
2121	71.718
2122	71.722
2123	71.726
2124	71.73
2125	71.734
2126	71.738
2127	71.743
2128	71.747
2129	71.751
2130	71.755
2131	71.759
2132	71.763
2133	71.767
2134	71.771
2135	71.775
2136	71.779
2137	71.783
2138	71.787
2139	71.79
2140	71.794
2141	71.798
2142	71.802
2143	71.806
2144	71.81
2145	71.813
2146	71.817
2147	71.821
2148	71.825
2149	71.828
2150	71.832
2151	71.836
2152	71.839
2153	71.843
2154	71.847
2155	71.85
2156	71.854
2157	71.858
2158	71.861
2159	71.865
2160	71.868
2161	71.872
2162	71.875
2163	71.879
2164	71.882
2165	71.885
2166	71.889
2167	71.892
2168	71.896
2169	71.899
2170	71.902
2171	71.906
2172	71.909
2173	71.912
2174	71.916
2175	71.919
2176	71.922
2177	71.925
2178	71.928
2179	71.932
2180	71.935
2181	71.938
2182	71.941
2183	71.944
2184	71.947
2185	71.95
2186	71.953
2187	71.956
2188	71.959
2189	71.962
2190	71.965
2191	71.968
2192	71.971
2193	71.974
2194	71.977
2195	71.98
2196	71.983
2197	71.986
2198	71.989
2199	71.991
2200	71.994
2201	71.997
2202	72
2203	72.002
2204	72.005
2205	72.008
2206	72.011
2207	72.013
2208	72.016
2209	72.019
2210	72.021
2211	72.024
2212	72.026
2213	72.029
2214	72.032
2215	72.034
2216	72.037
2217	72.039
2218	72.042
2219	72.044
2220	72.046
2221	72.049
2222	72.051
2223	72.054
2224	72.056
2225	72.058
2226	72.061
2227	72.063
2228	72.065
2229	72.068
2230	72.07
2231	72.072
2232	72.074
2233	72.077
2234	72.079
2235	72.081
2236	72.083
2237	72.085
2238	72.087
2239	72.089
2240	72.092
2241	72.094
2242	72.096
2243	72.098
2244	72.1
2245	72.102
2246	72.104
2247	72.106
2248	72.108
2249	72.11
2250	72.111
2251	72.113
2252	72.115
2253	72.117
2254	72.119
2255	72.121
2256	72.123
2257	72.124
2258	72.126
2259	72.128
2260	72.13
2261	72.131
2262	72.133
2263	72.135
2264	72.136
2265	72.138
2266	72.14
2267	72.141
2268	72.143
2269	72.144
2270	72.146
2271	72.147
2272	72.149
2273	72.15
2274	72.152
2275	72.153
2276	72.155
2277	72.156
2278	72.158
2279	72.159
2280	72.16
2281	72.162
2282	72.163
2283	72.164
2284	72.166
2285	72.167
2286	72.168
2287	72.17
2288	72.171
2289	72.172
2290	72.173
2291	72.174
2292	72.176
2293	72.177
2294	72.178
2295	72.179
2296	72.18
2297	72.181
2298	72.182
2299	72.183
2300	72.184
2301	72.185
2302	72.186
2303	72.187
2304	72.188
2305	72.189
2306	72.19
2307	72.191
2308	72.192
2309	72.193
2310	72.193
2311	72.194
2312	72.195
2313	72.196
2314	72.197
2315	72.197
2316	72.198
2317	72.199
2318	72.2
2319	72.2
2320	72.201
2321	72.202
2322	72.202
2323	72.203
2324	72.203
2325	72.204
2326	72.205
2327	72.205
2328	72.206
2329	72.206
2330	72.207
2331	72.207
2332	72.208
2333	72.208
2334	72.208
2335	72.209
2336	72.209
2337	72.21
2338	72.21
2339	72.21
2340	72.211
2341	72.211
2342	72.211
2343	72.211
2344	72.212
2345	72.212
2346	72.212
2347	72.212
2348	72.212
2349	72.213
2350	72.213
2351	72.213
2352	72.213
2353	72.213
2354	72.213
2355	72.213
2356	72.213
2357	72.213
2358	72.213
2359	72.213
2360	72.213
2361	72.213
2362	72.213
2363	72.213
2364	72.213
2365	72.213
2366	72.213
2367	72.213
2368	72.212
2369	72.212
2370	72.212
2371	72.212
2372	72.212
2373	72.211
2374	72.211
2375	72.211
2376	72.21
2377	72.21
2378	72.21
2379	72.209
2380	72.209
2381	72.209
2382	72.208
2383	72.208
2384	72.207
2385	72.207
2386	72.206
2387	72.206
2388	72.205
2389	72.205
2390	72.204
2391	72.204
2392	72.203
2393	72.203
2394	72.202
2395	72.201
2396	72.201
2397	72.2
2398	72.199
2399	72.199
2400	72.198
2401	72.197
2402	72.196
2403	72.196
2404	72.195
2405	72.194
2406	72.193
2407	72.192
2408	72.192
2409	72.191
2410	72.19
2411	72.189
2412	72.188
2413	72.187
2414	72.186
2415	72.185
2416	72.184
2417	72.183
2418	72.182
2419	72.181
2420	72.18
2421	72.179
2422	72.178
2423	72.177
2424	72.176
2425	72.174
2426	72.173
2427	72.172
2428	72.171
2429	72.17
2430	72.168
2431	72.167
2432	72.166
2433	72.165
2434	72.163
2435	72.162
2436	72.161
2437	72.159
2438	72.158
2439	72.157
2440	72.155
2441	72.154
2442	72.152
2443	72.151
2444	72.149
2445	72.148
2446	72.147
2447	72.145
2448	72.143
2449	72.142
2450	72.14
2451	72.139
2452	72.137
2453	72.136
2454	72.134
2455	72.132
2456	72.131
2457	72.129
2458	72.127
2459	72.126
2460	72.124
2461	72.122
2462	72.12
2463	72.118
2464	72.117
2465	72.115
2466	72.113
2467	72.111
2468	72.109
2469	72.107
2470	72.106
2471	72.104
2472	72.102
2473	72.1
2474	72.098
2475	72.096
2476	72.094
2477	72.092
2478	72.09
2479	72.088
2480	72.086
2481	72.084
2482	72.082
2483	72.079
2484	72.077
2485	72.075
2486	72.073
2487	72.071
2488	72.069
2489	72.066
2490	72.064
2491	72.062
2492	72.06
2493	72.057
2494	72.055
2495	72.053
2496	72.05
2497	72.048
2498	72.046
2499	72.043
2500	72.041
2501	72.039
2502	72.036
2503	72.034
2504	72.031
2505	72.029
2506	72.026
2507	72.024
2508	72.021
2509	72.019
2510	72.016
2511	72.014
2512	72.011
2513	72.008
2514	72.006
2515	72.003
2516	72.001
2517	71.998
2518	71.995
2519	71.993
2520	71.99
2521	71.987
2522	71.984
2523	71.982
2524	71.979
2525	71.976
2526	71.973
2527	71.97
2528	71.968
2529	71.965
2530	71.962
2531	71.959
2532	71.956
2533	71.953
2534	71.95
2535	71.947
2536	71.944
2537	71.941
2538	71.938
2539	71.935
2540	71.932
2541	71.929
2542	71.926
2543	71.923
2544	71.92
2545	71.917
2546	71.914
2547	71.911
2548	71.907
2549	71.904
2550	71.901
2551	71.898
2552	71.895
2553	71.891
2554	71.888
2555	71.885
2556	71.882
2557	71.878
2558	71.875
2559	71.872
2560	71.868
2561	71.865
2562	71.861
2563	71.858
2564	71.855
2565	71.851
2566	71.848
2567	71.844
2568	71.841
2569	71.837
2570	71.834
2571	71.83
2572	71.827
2573	71.823
2574	71.82
2575	71.816
2576	71.813
2577	71.809
2578	71.805
2579	71.802
2580	71.798
2581	71.794
2582	71.791
2583	71.787
2584	71.783
2585	71.779
2586	71.776
2587	71.772
2588	71.768
2589	71.764
2590	71.761
2591	71.757
2592	71.753
2593	71.749
2594	71.745
2595	71.741
2596	71.737
2597	71.733
2598	71.73
2599	71.726
2600	71.722
2601	71.718
2602	71.714
2603	71.71
2604	71.706
2605	71.702
2606	71.697
2607	71.693
2608	71.689
2609	71.685
2610	71.681
2611	71.677
2612	71.673
2613	71.669
2614	71.665
2615	71.66
2616	71.656
2617	71.652
2618	71.648
2619	71.643
2620	71.639
2621	71.635
2622	71.631
2623	71.626
2624	71.622
2625	71.618
2626	71.613
2627	71.609
2628	71.604
2629	71.6
2630	71.596
2631	71.591
2632	71.587
2633	71.582
2634	71.578
2635	71.573
2636	71.569
2637	71.564
2638	71.56
2639	71.555
2640	71.551
2641	71.546
2642	71.542
2643	71.537
2644	71.532
2645	71.528
2646	71.523
2647	71.518
2648	71.514
2649	71.509
2650	71.504
2651	71.5
2652	71.495
2653	71.49
2654	71.485
2655	71.481
2656	71.476
2657	71.471
2658	71.466
2659	71.461
2660	71.456
2661	71.452
2662	71.447
2663	71.442
2664	71.437
2665	71.432
2666	71.427
2667	71.422
2668	71.417
2669	71.412
2670	71.407
2671	71.402
2672	71.397
2673	71.392
2674	71.387
2675	71.382
2676	71.377
2677	71.372
2678	71.367
2679	71.361
2680	71.356
2681	71.351
2682	71.346
2683	71.341
2684	71.336
2685	71.33
2686	71.325
2687	71.32
2688	71.315
2689	71.309
2690	71.304
2691	71.299
2692	71.294
2693	71.288
2694	71.283
2695	71.278
2696	71.272
2697	71.267
2698	71.261
2699	71.256
2700	71.251
2701	71.245
2702	71.24
2703	71.234
2704	71.229
2705	71.223
2706	71.218
2707	71.212
2708	71.207
2709	71.201
2710	71.196
2711	71.19
2712	71.185
2713	71.179
2714	71.173
2715	71.168
2716	71.162
2717	71.156
2718	71.151
2719	71.145
2720	71.139
2721	71.134
2722	71.128
2723	71.122
2724	71.116
2725	71.111
2726	71.105
2727	71.099
2728	71.093
2729	71.087
2730	71.082
2731	71.076
2732	71.07
2733	71.064
2734	71.058
2735	71.052
2736	71.046
2737	71.04
2738	71.035
2739	71.029
2740	71.023
2741	71.017
2742	71.011
2743	71.005
2744	70.999
2745	70.993
2746	70.987
2747	70.98
2748	70.974
2749	70.968
2750	70.962
2751	70.956
2752	70.95
2753	70.944
2754	70.938
2755	70.932
2756	70.925
2757	70.919
2758	70.913
2759	70.907
2760	70.901
2761	70.894
2762	70.888
2763	70.882
2764	70.876
2765	70.869
2766	70.863
2767	70.857
2768	70.85
2769	70.844
2770	70.838
2771	70.831
2772	70.825
2773	70.818
2774	70.812
2775	70.806
2776	70.799
2777	70.793
2778	70.786
2779	70.78
2780	70.773
2781	70.767
2782	70.76
2783	70.754
2784	70.747
2785	70.741
2786	70.734
2787	70.728
2788	70.721
2789	70.714
2790	70.708
2791	70.701
2792	70.695
2793	70.688
2794	70.681
2795	70.675
2796	70.668
2797	70.661
2798	70.654
2799	70.648
2800	70.641
2801	70.634
2802	70.627
2803	70.621
2804	70.614
2805	70.607
2806	70.6
2807	70.594
2808	70.587
2809	70.58
2810	70.573
2811	70.566
2812	70.559
2813	70.552
2814	70.545
2815	70.538
2816	70.532
2817	70.525
2818	70.518
2819	70.511
2820	70.504
2821	70.497
2822	70.49
2823	70.483
2824	70.476
2825	70.469
2826	70.462
2827	70.454
2828	70.447
2829	70.44
2830	70.433
2831	70.426
2832	70.419
2833	70.412
2834	70.405
2835	70.398
2836	70.39
2837	70.383
2838	70.376
2839	70.369
2840	70.362
2841	70.354
2842	70.347
2843	70.34
2844	70.333
2845	70.325
2846	70.318
2847	70.311
2848	70.303
2849	70.296
2850	70.289
2851	70.281
2852	70.274
2853	70.267
2854	70.259
2855	70.252
2856	70.244
2857	70.237
2858	70.23
2859	70.222
2860	70.215
2861	70.207
2862	70.2
2863	70.192
2864	70.185
2865	70.177
2866	70.17
2867	70.162
2868	70.155
2869	70.147
2870	70.14
2871	70.132
2872	70.124
2873	70.117
2874	70.109
2875	70.102
2876	70.094
2877	70.086
2878	70.079
2879	70.071
2880	70.063
2881	70.056
2882	70.048
2883	70.04
2884	70.032
2885	70.025
2886	70.017
2887	70.009
2888	70.001
2889	69.994
2890	69.986
2891	69.978
2892	69.97
2893	69.962
2894	69.955
2895	69.947
2896	69.939
2897	69.931
2898	69.923
2899	69.915
2900	69.907
2901	69.899
2902	69.891
2903	69.884
2904	69.876
2905	69.868
2906	69.86
2907	69.852
2908	69.844
2909	69.836
2910	69.828
2911	69.82
2912	69.812
2913	69.804
2914	69.796
2915	69.788
2916	69.779
2917	69.771
2918	69.763
2919	69.755
2920	69.747
2921	69.739
2922	69.731
2923	69.723
2924	69.714
2925	69.706
2926	69.698
2927	69.69
2928	69.682
2929	69.674
2930	69.665
2931	69.657
2932	69.649
2933	69.641
2934	69.632
2935	69.624
2936	69.616
2937	69.608
2938	69.599
2939	69.591
2940	69.583
2941	69.574
2942	69.566
2943	69.558
2944	69.549
2945	69.541
2946	69.532
2947	69.524
2948	69.516
2949	69.507
2950	69.499
2951	69.49
2952	69.482
2953	69.473
2954	69.465
2955	69.457
2956	69.448
2957	69.44
2958	69.431
2959	69.423
2960	69.414
2961	69.405
2962	69.397
2963	69.388
2964	69.38
2965	69.371
2966	69.363
2967	69.354
2968	69.345
2969	69.337
2970	69.328
2971	69.32
2972	69.311
2973	69.302
2974	69.294
2975	69.285
2976	69.276
2977	69.268
2978	69.259
2979	69.25
2980	69.241
2981	69.233
2982	69.224
2983	69.215
2984	69.207
2985	69.198
2986	69.189
2987	69.18
2988	69.171
2989	69.163
2990	69.154
2991	69.145
2992	69.136
2993	69.127
2994	69.118
2995	69.11
2996	69.101
2997	69.092
2998	69.083
2999	69.074
3000	69.065
3001	69.056
3002	69.047
3003	69.038
3004	69.029
3005	69.02
3006	69.011
3007	69.003
3008	68.994
3009	68.985
3010	68.976
3011	68.967
3012	68.958
3013	68.948
3014	68.939
3015	68.93
3016	68.921
3017	68.912
3018	68.903
3019	68.894
3020	68.885
3021	68.876
3022	68.867
3023	68.858
3024	68.849
3025	68.839
3026	68.83
3027	68.821
3028	68.812
3029	68.803
3030	68.794
3031	68.784
3032	68.775
3033	68.766
3034	68.757
3035	68.748
3036	68.738
3037	68.729
3038	68.72
3039	68.711
3040	68.701
3041	68.692
3042	68.683
3043	68.674
3044	68.664
3045	68.655
3046	68.646
3047	68.636
3048	68.627
3049	68.618
3050	68.608
3051	68.599
3052	68.59
3053	68.58
3054	68.571
3055	68.561
3056	68.552
3057	68.543
3058	68.533
3059	68.524
3060	68.514
3061	68.505
3062	68.495
3063	68.486
3064	68.477
3065	68.467
3066	68.458
3067	68.448
3068	68.439
3069	68.429
3070	68.42
3071	68.41
3072	68.4
3073	68.391
3074	68.381
3075	68.372
3076	68.362
3077	68.353
3078	68.343
3079	68.334
3080	68.324
3081	68.314
3082	68.305
3083	68.295
3084	68.285
3085	68.276
3086	68.266
3087	68.257
3088	68.247
3089	68.237
3090	68.228
3091	68.218
3092	68.208
3093	68.198
3094	68.189
3095	68.179
3096	68.169
3097	68.16
3098	68.15
3099	68.14
3100	68.13
3101	68.121
3102	68.111
3103	68.101
3104	68.091
3105	68.081
3106	68.072
3107	68.062
3108	68.052
3109	68.042
3110	68.032
3111	68.023
3112	68.013
3113	68.003
3114	67.993
3115	67.983
3116	67.973
3117	67.963
3118	67.954
3119	67.944
3120	67.934
3121	67.924
3122	67.914
3123	67.904
3124	67.894
3125	67.884
3126	67.874
3127	67.864
3128	67.854
3129	67.844
3130	67.834
3131	67.824
3132	67.814
3133	67.804
3134	67.794
3135	67.784
3136	67.774
3137	67.764
3138	67.754
3139	67.744
3140	67.734
3141	67.724
3142	67.714
3143	67.704
3144	67.694
3145	67.684
3146	67.674
3147	67.664
3148	67.653
3149	67.643
3150	67.633
3151	67.623
3152	67.613
3153	67.603
3154	67.593
3155	67.583
3156	67.572
3157	67.562
3158	67.552
3159	67.542
3160	67.532
3161	67.522
3162	67.511
3163	67.501
3164	67.491
3165	67.481
3166	67.47
3167	67.46
3168	67.45
3169	67.44
3170	67.429
3171	67.419
3172	67.409
3173	67.399
3174	67.388
3175	67.378
3176	67.368
3177	67.358
3178	67.347
3179	67.337
3180	67.327
3181	67.316
3182	67.306
3183	67.296
3184	67.285
3185	67.275
3186	67.265
3187	67.254
3188	67.244
3189	67.233
3190	67.223
3191	67.213
3192	67.202
3193	67.192
3194	67.181
3195	67.171
3196	67.161
3197	67.15
3198	67.14
3199	67.129
3200	67.119
3201	67.108
3202	67.098
3203	67.088
3204	67.077
3205	67.067
3206	67.056
3207	67.046
3208	67.035
3209	67.025
3210	67.014
3211	67.004
3212	66.993
3213	66.983
3214	66.972
3215	66.962
3216	66.951
3217	66.94
3218	66.93
3219	66.919
3220	66.909
3221	66.898
3222	66.888
3223	66.877
3224	66.866
3225	66.856
3226	66.845
3227	66.835
3228	66.824
3229	66.813
3230	66.803
3231	66.792
3232	66.782
3233	66.771
3234	66.76
3235	66.75
3236	66.739
3237	66.728
3238	66.718
3239	66.707
3240	66.696
3241	66.686
3242	66.675
3243	66.664
3244	66.654
3245	66.643
3246	66.632
3247	66.621
3248	66.611
3249	66.6
3250	66.589
3251	66.579
3252	66.568
3253	66.557
3254	66.546
3255	66.536
3256	66.525
3257	66.514
3258	66.503
3259	66.492
3260	66.482
3261	66.471
3262	66.46
3263	66.449
3264	66.438
3265	66.428
3266	66.417
3267	66.406
3268	66.395
3269	66.384
3270	66.373
3271	66.363
3272	66.352
3273	66.341
3274	66.33
3275	66.319
3276	66.308
3277	66.297
3278	66.287
3279	66.276
3280	66.265
3281	66.254
3282	66.243
3283	66.232
3284	66.221
3285	66.21
3286	66.199
3287	66.188
3288	66.178
3289	66.167
3290	66.156
3291	66.145
3292	66.134
3293	66.123
3294	66.112
3295	66.101
3296	66.09
3297	66.079
3298	66.068
3299	66.057
3300	66.046
3301	66.035
3302	66.024
3303	66.013
3304	66.002
3305	65.991
3306	65.98
3307	65.969
3308	65.958
3309	65.947
3310	65.936
3311	65.925
3312	65.914
3313	65.903
3314	65.892
3315	65.881
3316	65.87
3317	65.859
3318	65.848
3319	65.836
3320	65.825
3321	65.814
3322	65.803
3323	65.792
3324	65.781
3325	65.77
3326	65.759
3327	65.748
3328	65.737
3329	65.726
3330	65.714
3331	65.703
3332	65.692
3333	65.681
3334	65.67
3335	65.659
3336	65.648
3337	65.636
3338	65.625
3339	65.614
3340	65.603
3341	65.592
3342	65.581
3343	65.569
3344	65.558
3345	65.547
3346	65.536
3347	65.525
3348	65.514
3349	65.502
3350	65.491
3351	65.48
3352	65.469
3353	65.458
3354	65.446
3355	65.435
3356	65.424
3357	65.413
3358	65.401
3359	65.39
3360	65.379
3361	65.368
3362	65.356
3363	65.345
3364	65.334
3365	65.323
3366	65.311
3367	65.3
3368	65.289
3369	65.278
3370	65.266
3371	65.255
3372	65.244
3373	65.232
3374	65.221
3375	65.21
3376	65.199
3377	65.187
3378	65.176
3379	65.165
3380	65.153
3381	65.142
3382	65.131
3383	65.119
3384	65.108
3385	65.097
3386	65.085
3387	65.074
3388	65.063
3389	65.051
3390	65.04
3391	65.029
3392	65.017
3393	65.006
3394	64.995
3395	64.983
3396	64.972
3397	64.96
3398	64.949
3399	64.938
3400	64.926
3401	64.915
3402	64.903
3403	64.892
3404	64.881
3405	64.869
3406	64.858
3407	64.846
3408	64.835
3409	64.824
3410	64.812
3411	64.801
3412	64.789
3413	64.778
3414	64.766
3415	64.755
3416	64.744
3417	64.732
3418	64.721
3419	64.709
3420	64.698
3421	64.686
3422	64.675
3423	64.663
3424	64.652
3425	64.641
3426	64.629
3427	64.618
3428	64.606
3429	64.595
3430	64.583
3431	64.572
3432	64.56
3433	64.549
3434	64.537
3435	64.526
3436	64.514
3437	64.503
3438	64.491
3439	64.48
3440	64.468
3441	64.457
3442	64.445
3443	64.434
3444	64.422
3445	64.411
3446	64.399
3447	64.387
3448	64.376
3449	64.364
3450	64.353
3451	64.341
3452	64.33
3453	64.318
3454	64.307
3455	64.295
3456	64.284
3457	64.272
3458	64.26
3459	64.249
3460	64.237
3461	64.226
3462	64.214
3463	64.203
3464	64.191
3465	64.179
3466	64.168
3467	64.156
3468	64.145
3469	64.133
3470	64.122
3471	64.11
3472	64.098
3473	64.087
3474	64.075
3475	64.064
3476	64.052
3477	64.04
3478	64.029
3479	64.017
3480	64.005
3481	63.994
3482	63.982
3483	63.971
3484	63.959
3485	63.947
3486	63.936
3487	63.924
3488	63.912
3489	63.901
3490	63.889
3491	63.878
3492	63.866
3493	63.854
3494	63.843
3495	63.831
3496	63.819
3497	63.808
3498	63.796
3499	63.784
3500	63.773
3501	63.761
3502	63.749
3503	63.738
3504	63.726
3505	63.714
3506	63.703
3507	63.691
3508	63.679
3509	63.668
3510	63.656
3511	63.644
3512	63.633
3513	63.621
3514	63.609
3515	63.597
3516	63.586
3517	63.574
3518	63.562
3519	63.551
3520	63.539
3521	63.527
3522	63.516
3523	63.504
3524	63.492
3525	63.48
3526	63.469
3527	63.457
3528	63.445
3529	63.434
3530	63.422
3531	63.41
3532	63.398
3533	63.387
3534	63.375
3535	63.363
3536	63.351
3537	63.34
3538	63.328
3539	63.316
3540	63.305
3541	63.293
3542	63.281
3543	63.269
3544	63.258
3545	63.246
3546	63.234
3547	63.222
3548	63.211
3549	63.199
3550	63.187
3551	63.175
3552	63.164
3553	63.152
3554	63.14
3555	63.128
3556	63.116
3557	63.105
3558	63.093
3559	63.081
3560	63.069
3561	63.058
3562	63.046
3563	63.034
3564	63.022
3565	63.011
3566	62.999
3567	62.987
3568	62.975
3569	62.963
3570	62.952
3571	62.94
3572	62.928
3573	62.916
3574	62.904
3575	62.893
3576	62.881
3577	62.869
3578	62.857
3579	62.845
3580	62.834
3581	62.822
3582	62.81
3583	62.798
3584	62.786
3585	62.775
3586	62.763
3587	62.751
3588	62.739
3589	62.727
3590	62.716
3591	62.704
3592	62.692
3593	62.68
3594	62.668
3595	62.656
3596	62.645
3597	62.633
3598	62.621
3599	62.609
3600	62.597
3601	62.586
3602	62.574
3603	62.562
3604	62.55
3605	62.538
3606	62.526
3607	62.515
3608	62.503
3609	62.491
3610	62.479
3611	62.467
3612	62.455
3613	62.444
3614	62.432
3615	62.42
3616	62.408
3617	62.396
3618	62.384
3619	62.373
3620	62.361
3621	62.349
3622	62.337
3623	62.325
3624	62.313
3625	62.301
3626	62.29
3627	62.278
3628	62.266
3629	62.254
3630	62.242
3631	62.23
3632	62.218
3633	62.207
3634	62.195
3635	62.183
3636	62.171
3637	62.159
3638	62.147
3639	62.135
3640	62.124
3641	62.112
3642	62.1
3643	62.088
3644	62.076
3645	62.064
3646	62.052
3647	62.041
3648	62.029
3649	62.017
3650	62.005
3651	61.993
3652	61.981
3653	61.969
3654	61.957
3655	61.946
3656	61.934
3657	61.922
3658	61.91
3659	61.898
3660	61.886
3661	61.874
3662	61.862
3663	61.851
3664	61.839
3665	61.827
3666	61.815
3667	61.803
3668	61.791
3669	61.779
3670	61.767
3671	61.756
3672	61.744
3673	61.732
3674	61.72
3675	61.708
3676	61.696
3677	61.684
3678	61.672
3679	61.661
3680	61.649
3681	61.637
3682	61.625
3683	61.613
3684	61.601
3685	61.589
3686	61.577
3687	61.565
3688	61.554
3689	61.542
3690	61.53
3691	61.518
3692	61.506
3693	61.494
3694	61.482
3695	61.47
3696	61.458
3697	61.447
3698	61.435
3699	61.423
3700	61.411
3701	61.399
3702	61.387
3703	61.375
3704	61.363
3705	61.351
3706	61.34
3707	61.328
3708	61.316
3709	61.304
3710	61.292
3711	61.28
3712	61.268
3713	61.256
3714	61.244
3715	61.233
3716	61.221
3717	61.209
3718	61.197
3719	61.185
3720	61.173
3721	61.161
3722	61.149
3723	61.137
3724	61.126
3725	61.114
3726	61.102
3727	61.09
3728	61.078
3729	61.066
3730	61.054
3731	61.042
3732	61.03
3733	61.019
3734	61.007
3735	60.995
3736	60.983
3737	60.971
3738	60.959
3739	60.947
3740	60.935
3741	60.923
3742	60.912
3743	60.9
3744	60.888
3745	60.876
3746	60.864
3747	60.852
3748	60.84
3749	60.828
3750	60.816
3751	60.805
3752	60.793
3753	60.781
3754	60.769
3755	60.757
3756	60.745
3757	60.733
3758	60.721
3759	60.71
3760	60.698
3761	60.686
3762	60.674
3763	60.662
3764	60.65
3765	60.638
3766	60.626
3767	60.614
3768	60.603
3769	60.591
3770	60.579
3771	60.567
3772	60.555
3773	60.543
3774	60.531
3775	60.519
3776	60.508
3777	60.496
3778	60.484
3779	60.472
3780	60.46
3781	60.448
3782	60.436
3783	60.424
3784	60.413
3785	60.401
3786	60.389
3787	60.377
3788	60.365
3789	60.353
3790	60.341
3791	60.329
3792	60.318
3793	60.306
3794	60.294
3795	60.282
3796	60.27
3797	60.258
3798	60.246
3799	60.234
3800	60.223
3801	60.211
3802	60.199
3803	60.187
3804	60.175
3805	60.163
3806	60.151
3807	60.14
3808	60.128
3809	60.116
3810	60.104
3811	60.092
3812	60.08
3813	60.068
3814	60.057
3815	60.045
3816	60.033
3817	60.021
3818	60.009
3819	59.997
3820	59.985
3821	59.974
3822	59.962
3823	59.95
3824	59.938
3825	59.926
3826	59.914
3827	59.902
3828	59.891
3829	59.879
3830	59.867
3831	59.855
3832	59.843
3833	59.831
3834	59.82
3835	59.808
3836	59.796
3837	59.784
3838	59.772
3839	59.76
3840	59.749
3841	59.737
3842	59.725
3843	59.713
3844	59.701
3845	59.689
3846	59.678
3847	59.666
3848	59.654
3849	59.642
3850	59.63
3851	59.618
3852	59.607
3853	59.595
3854	59.583
3855	59.571
3856	59.559
3857	59.547
3858	59.536
3859	59.524
3860	59.512
3861	59.5
3862	59.488
3863	59.477
3864	59.465
3865	59.453
3866	59.441
3867	59.429
3868	59.418
3869	59.406
3870	59.394
3871	59.382
3872	59.37
3873	59.358
3874	59.347
3875	59.335
3876	59.323
3877	59.311
3878	59.299
3879	59.288
3880	59.276
3881	59.264
3882	59.252
3883	59.241
3884	59.229
3885	59.217
3886	59.205
3887	59.193
3888	59.182
3889	59.17
3890	59.158
3891	59.146
3892	59.134
3893	59.123
3894	59.111
3895	59.099
3896	59.087
3897	59.076
3898	59.064
3899	59.052
3900	59.04
3901	59.028
3902	59.017
3903	59.005
3904	58.993
3905	58.981
3906	58.97
3907	58.958
3908	58.946
3909	58.934
3910	58.923
3911	58.911
3912	58.899
3913	58.887
3914	58.876
3915	58.864
3916	58.852
3917	58.84
3918	58.829
3919	58.817
3920	58.805
3921	58.793
3922	58.782
3923	58.77
3924	58.758
3925	58.746
3926	58.735
3927	58.723
3928	58.711
3929	58.699
3930	58.688
3931	58.676
3932	58.664
3933	58.653
3934	58.641
3935	58.629
3936	58.617
3937	58.606
3938	58.594
3939	58.582
3940	58.571
3941	58.559
3942	58.547
3943	58.535
3944	58.524
3945	58.512
3946	58.5
3947	58.489
3948	58.477
3949	58.465
3950	58.453
3951	58.442
3952	58.43
3953	58.418
3954	58.407
3955	58.395
3956	58.383
3957	58.372
3958	58.36
3959	58.348
3960	58.337
3961	58.325
3962	58.313
3963	58.302
3964	58.29
3965	58.278
3966	58.266
3967	58.255
3968	58.243
3969	58.231
3970	58.22
3971	58.208
3972	58.196
3973	58.185
3974	58.173
3975	58.161
3976	58.15
3977	58.138
3978	58.127
3979	58.115
3980	58.103
3981	58.092
3982	58.08
3983	58.068
3984	58.057
3985	58.045
3986	58.033
3987	58.022
3988	58.01
3989	57.998
3990	57.987
3991	57.975
3992	57.964
3993	57.952
3994	57.94
3995	57.929
3996	57.917
3997	57.905
3998	57.894
3999	57.882
4000	57.871
4001	57.859
4002	57.847
4003	57.836
4004	57.824
4005	57.813
4006	57.801
4007	57.789
4008	57.778
4009	57.766
4010	57.755
4011	57.743
4012	57.731
4013	57.72
4014	57.708
4015	57.697
4016	57.685
4017	57.673
4018	57.662
4019	57.65
4020	57.639
4021	57.627
4022	57.615
4023	57.604
4024	57.592
4025	57.581
4026	57.569
4027	57.558
4028	57.546
4029	57.535
4030	57.523
4031	57.511
4032	57.5
4033	57.488
4034	57.477
4035	57.465
4036	57.454
4037	57.442
4038	57.431
4039	57.419
4040	57.407
4041	57.396
4042	57.384
4043	57.373
4044	57.361
4045	57.35
4046	57.338
4047	57.327
4048	57.315
4049	57.304
4050	57.292
4051	57.281
4052	57.269
4053	57.258
4054	57.246
4055	57.235
4056	57.223
4057	57.212
4058	57.2
4059	57.189
4060	57.177
4061	57.166
4062	57.154
4063	57.143
4064	57.131
4065	57.12
4066	57.108
4067	57.097
4068	57.085
4069	57.074
4070	57.062
4071	57.051
4072	57.039
4073	57.028
4074	57.016
4075	57.005
4076	56.993
4077	56.982
4078	56.971
4079	56.959
4080	56.948
4081	56.936
4082	56.925
4083	56.913
4084	56.902
4085	56.89
4086	56.879
4087	56.868
4088	56.856
4089	56.845
4090	56.833
4091	56.822
4092	56.81
4093	56.799
4094	56.787
4095	56.776
4096	56.765
4097	56.753
4098	56.742
4099	56.73
4100	56.719
4101	56.708
4102	56.696
4103	56.685
4104	56.673
4105	56.662
4106	56.651
4107	56.639
4108	56.628
4109	56.616
4110	56.605
4111	56.594
4112	56.582
4113	56.571
4114	56.559
4115	56.548
4116	56.537
4117	56.525
4118	56.514
4119	56.503
4120	56.491
4121	56.48
4122	56.469
4123	56.457
4124	56.446
4125	56.434
4126	56.423
4127	56.412
4128	56.4
4129	56.389
4130	56.378
4131	56.366
4132	56.355
4133	56.344
4134	56.332
4135	56.321
4136	56.31
4137	56.298
4138	56.287
4139	56.276
4140	56.264
4141	56.253
4142	56.242
4143	56.231
4144	56.219
4145	56.208
4146	56.197
4147	56.185
4148	56.174
4149	56.163
4150	56.151
4151	56.14
4152	56.129
4153	56.118
4154	56.106
4155	56.095
4156	56.084
4157	56.072
4158	56.061
4159	56.05
4160	56.039
4161	56.027
4162	56.016
4163	56.005
4164	55.994
4165	55.982
4166	55.971
4167	55.96
4168	55.949
4169	55.937
4170	55.926
4171	55.915
4172	55.904
4173	55.892
4174	55.881
4175	55.87
4176	55.859
4177	55.847
4178	55.836
4179	55.825
4180	55.814
4181	55.803
4182	55.791
4183	55.78
4184	55.769
4185	55.758
4186	55.747
4187	55.735
4188	55.724
4189	55.713
4190	55.702
4191	55.691
4192	55.679
4193	55.668
4194	55.657
4195	55.646
4196	55.635
4197	55.624
4198	55.612
4199	55.601
4200	55.59
4201	55.579
4202	55.568
4203	55.557
4204	55.545
4205	55.534
4206	55.523
4207	55.512
4208	55.501
4209	55.49
4210	55.478
4211	55.467
4212	55.456
4213	55.445
4214	55.434
4215	55.423
4216	55.412
4217	55.401
4218	55.389
4219	55.378
4220	55.367
4221	55.356
4222	55.345
4223	55.334
4224	55.323
4225	55.312
4226	55.301
4227	55.29
4228	55.278
4229	55.267
4230	55.256
4231	55.245
4232	55.234
4233	55.223
4234	55.212
4235	55.201
4236	55.19
4237	55.179
4238	55.168
4239	55.157
4240	55.146
4241	55.134
4242	55.123
4243	55.112
4244	55.101
4245	55.09
4246	55.079
4247	55.068
4248	55.057
4249	55.046
4250	55.035
4251	55.024
4252	55.013
4253	55.002
4254	54.991
4255	54.98
4256	54.969
4257	54.958
4258	54.947
4259	54.936
4260	54.925
4261	54.914
4262	54.903
4263	54.892
4264	54.881
4265	54.87
4266	54.859
4267	54.848
4268	54.837
4269	54.826
4270	54.815
4271	54.804
4272	54.793
4273	54.782
4274	54.771
4275	54.76
4276	54.749
4277	54.738
4278	54.727
4279	54.716
4280	54.705
4281	54.694
4282	54.684
4283	54.673
4284	54.662
4285	54.651
4286	54.64
4287	54.629
4288	54.618
4289	54.607
4290	54.596
4291	54.585
4292	54.574
4293	54.563
4294	54.552
4295	54.542
4296	54.531
4297	54.52
4298	54.509
4299	54.498
4300	54.487
4301	54.476
4302	54.465
4303	54.454
4304	54.444
4305	54.433
4306	54.422
4307	54.411
4308	54.4
4309	54.389
4310	54.378
4311	54.367
4312	54.357
4313	54.346
4314	54.335
4315	54.324
4316	54.313
4317	54.302
4318	54.292
4319	54.281
4320	54.27
4321	54.259
4322	54.248
4323	54.237
4324	54.227
4325	54.216
4326	54.205
4327	54.194
4328	54.183
4329	54.172
4330	54.162
4331	54.151
4332	54.14
4333	54.129
4334	54.118
4335	54.108
4336	54.097
4337	54.086
4338	54.075
4339	54.065
4340	54.054
4341	54.043
4342	54.032
4343	54.021
4344	54.011
4345	54
4346	53.989
4347	53.978
4348	53.968
4349	53.957
4350	53.946
4351	53.935
4352	53.925
4353	53.914
4354	53.903
4355	53.893
4356	53.882
4357	53.871
4358	53.86
4359	53.85
4360	53.839
4361	53.828
4362	53.818
4363	53.807
4364	53.796
4365	53.785
4366	53.775
4367	53.764
4368	53.753
4369	53.743
4370	53.732
4371	53.721
4372	53.711
4373	53.7
4374	53.689
4375	53.679
4376	53.668
4377	53.657
4378	53.647
4379	53.636
4380	53.625
4381	53.615
4382	53.604
4383	53.593
4384	53.583
4385	53.572
4386	53.561
4387	53.551
4388	53.54
4389	53.53
4390	53.519
4391	53.508
4392	53.498
4393	53.487
4394	53.476
4395	53.466
4396	53.455
4397	53.445
4398	53.434
4399	53.423
4400	53.413
4401	53.402
4402	53.392
4403	53.381
4404	53.371
4405	53.36
4406	53.349
4407	53.339
4408	53.328
4409	53.318
4410	53.307
4411	53.297
4412	53.286
4413	53.275
4414	53.265
4415	53.254
4416	53.244
4417	53.233
4418	53.223
4419	53.212
4420	53.202
4421	53.191
4422	53.181
4423	53.17
4424	53.16
4425	53.149
4426	53.139
4427	53.128
4428	53.118
4429	53.107
4430	53.097
4431	53.086
4432	53.076
4433	53.065
4434	53.055
4435	53.044
4436	53.034
4437	53.023
4438	53.013
4439	53.002
4440	52.992
4441	52.981
4442	52.971
4443	52.96
4444	52.95
4445	52.939
4446	52.929
4447	52.918
4448	52.908
4449	52.898
4450	52.887
4451	52.877
4452	52.866
4453	52.856
4454	52.845
4455	52.835
4456	52.825
4457	52.814
4458	52.804
4459	52.793
4460	52.783
4461	52.773
4462	52.762
4463	52.752
4464	52.741
4465	52.731
4466	52.721
4467	52.71
4468	52.7
4469	52.689
4470	52.679
4471	52.669
4472	52.658
4473	52.648
4474	52.638
4475	52.627
4476	52.617
4477	52.607
4478	52.596
4479	52.586
4480	52.576
4481	52.565
4482	52.555
4483	52.545
4484	52.534
4485	52.524
4486	52.514
4487	52.503
4488	52.493
4489	52.483
4490	52.472
4491	52.462
4492	52.452
4493	52.441
4494	52.431
4495	52.421
4496	52.41
4497	52.4
4498	52.39
4499	52.38
4500	52.369
4501	52.359
4502	52.349
4503	52.339
4504	52.328
4505	52.318
4506	52.308
4507	52.297
4508	52.287
4509	52.277
4510	52.267
4511	52.256
4512	52.246
4513	52.236
4514	52.226
4515	52.216
4516	52.205
4517	52.195
4518	52.185
4519	52.175
4520	52.164
4521	52.154
4522	52.144
4523	52.134
4524	52.124
4525	52.113
4526	52.103
4527	52.093
4528	52.083
4529	52.073
4530	52.062
4531	52.052
4532	52.042
4533	52.032
4534	52.022
4535	52.012
4536	52.001
4537	51.991
4538	51.981
4539	51.971
4540	51.961
4541	51.951
4542	51.941
4543	51.93
4544	51.92
4545	51.91
4546	51.9
4547	51.89
4548	51.88
4549	51.87
4550	51.86
4551	51.849
4552	51.839
4553	51.829
4554	51.819
4555	51.809
4556	51.799
4557	51.789
4558	51.779
4559	51.769
4560	51.759
4561	51.748
4562	51.738
4563	51.728
4564	51.718
4565	51.708
4566	51.698
4567	51.688
4568	51.678
4569	51.668
4570	51.658
4571	51.648
4572	51.638
4573	51.628
4574	51.618
4575	51.608
4576	51.598
4577	51.588
4578	51.578
4579	51.568
4580	51.558
4581	51.548
4582	51.538
4583	51.528
4584	51.518
4585	51.508
4586	51.498
4587	51.488
4588	51.478
4589	51.468
4590	51.458
4591	51.448
4592	51.438
4593	51.428
4594	51.418
4595	51.408
4596	51.398
4597	51.388
4598	51.378
4599	51.368
4600	51.358
4601	51.348
4602	51.338
4603	51.328
4604	51.318
4605	51.308
4606	51.298
4607	51.288
4608	51.278
4609	51.268
4610	51.259
4611	51.249
4612	51.239
4613	51.229
4614	51.219
4615	51.209
4616	51.199
4617	51.189
4618	51.179
4619	51.169
4620	51.16
4621	51.15
4622	51.14
4623	51.13
4624	51.12
4625	51.11
4626	51.1
4627	51.09
4628	51.081
4629	51.071
4630	51.061
4631	51.051
4632	51.041
4633	51.031
4634	51.021
4635	51.012
4636	51.002
4637	50.992
4638	50.982
4639	50.972
4640	50.962
4641	50.953
4642	50.943
4643	50.933
4644	50.923
4645	50.913
4646	50.904
4647	50.894
4648	50.884
4649	50.874
4650	50.864
4651	50.855
4652	50.845
4653	50.835
4654	50.825
4655	50.816
4656	50.806
4657	50.796
4658	50.786
4659	50.777
4660	50.767
4661	50.757
4662	50.747
4663	50.738
4664	50.728
4665	50.718
4666	50.708
4667	50.699
4668	50.689
4669	50.679
4670	50.669
4671	50.66
4672	50.65
4673	50.64
4674	50.631
4675	50.621
4676	50.611
4677	50.601
4678	50.592
4679	50.582
4680	50.572
4681	50.563
4682	50.553
4683	50.543
4684	50.534
4685	50.524
4686	50.514
4687	50.505
4688	50.495
4689	50.485
4690	50.476
4691	50.466
4692	50.456
4693	50.447
4694	50.437
4695	50.427
4696	50.418
4697	50.408
4698	50.399
4699	50.389
4700	50.379
4701	50.37
4702	50.36
4703	50.351
4704	50.341
4705	50.331
4706	50.322
4707	50.312
4708	50.303
4709	50.293
4710	50.283
4711	50.274
4712	50.264
4713	50.255
4714	50.245
4715	50.235
4716	50.226
4717	50.216
4718	50.207
4719	50.197
4720	50.188
4721	50.178
4722	50.169
4723	50.159
4724	50.149
4725	50.14
4726	50.13
4727	50.121
4728	50.111
4729	50.102
4730	50.092
4731	50.083
4732	50.073
4733	50.064
4734	50.054
4735	50.045
4736	50.035
4737	50.026
4738	50.016
4739	50.007
4740	49.997
4741	49.988
4742	49.978
4743	49.969
4744	49.959
4745	49.95
4746	49.94
4747	49.931
4748	49.921
4749	49.912
4750	49.903
4751	49.893
4752	49.884
4753	49.874
4754	49.865
4755	49.855
4756	49.846
4757	49.836
4758	49.827
4759	49.818
4760	49.808
4761	49.799
4762	49.789
4763	49.78
4764	49.771
4765	49.761
4766	49.752
4767	49.742
4768	49.733
4769	49.724
4770	49.714
4771	49.705
4772	49.695
4773	49.686
4774	49.677
4775	49.667
4776	49.658
4777	49.649
4778	49.639
4779	49.63
4780	49.621
4781	49.611
4782	49.602
4783	49.592
4784	49.583
4785	49.574
4786	49.564
4787	49.555
4788	49.546
4789	49.536
4790	49.527
4791	49.518
4792	49.509
4793	49.499
4794	49.49
4795	49.481
4796	49.471
4797	49.462
4798	49.453
4799	49.443
4800	49.434
4801	49.425
4802	49.416
4803	49.406
4804	49.397
4805	49.388
4806	49.379
4807	49.369
4808	49.36
4809	49.351
4810	49.341
4811	49.332
4812	49.323
4813	49.314
4814	49.304
4815	49.295
4816	49.286
4817	49.277
4818	49.268
4819	49.258
4820	49.249
4821	49.24
4822	49.231
4823	49.221
4824	49.212
4825	49.203
4826	49.194
4827	49.185
4828	49.175
4829	49.166
4830	49.157
4831	49.148
4832	49.139
4833	49.13
4834	49.12
4835	49.111
4836	49.102
4837	49.093
4838	49.084
4839	49.075
4840	49.065
4841	49.056
4842	49.047
4843	49.038
4844	49.029
4845	49.02
4846	49.011
4847	49.001
4848	48.992
4849	48.983
4850	48.974
4851	48.965
4852	48.956
4853	48.947
4854	48.938
4855	48.929
4856	48.919
4857	48.91
4858	48.901
4859	48.892
4860	48.883
4861	48.874
4862	48.865
4863	48.856
4864	48.847
4865	48.838
4866	48.829
4867	48.82
4868	48.811
4869	48.801
4870	48.792
4871	48.783
4872	48.774
4873	48.765
4874	48.756
4875	48.747
4876	48.738
4877	48.729
4878	48.72
4879	48.711
4880	48.702
4881	48.693
4882	48.684
4883	48.675
4884	48.666
4885	48.657
4886	48.648
4887	48.639
4888	48.63
4889	48.621
4890	48.612
4891	48.603
4892	48.594
4893	48.585
4894	48.576
4895	48.567
4896	48.558
4897	48.549
4898	48.54
4899	48.531
4900	48.522
4901	48.513
4902	48.504
4903	48.496
4904	48.487
4905	48.478
4906	48.469
4907	48.46
4908	48.451
4909	48.442
4910	48.433
4911	48.424
4912	48.415
4913	48.406
4914	48.397
4915	48.388
4916	48.38
4917	48.371
4918	48.362
4919	48.353
4920	48.344
4921	48.335
4922	48.326
4923	48.317
4924	48.308
4925	48.3
4926	48.291
4927	48.282
4928	48.273
4929	48.264
4930	48.255
4931	48.246
4932	48.238
4933	48.229
4934	48.22
4935	48.211
4936	48.202
4937	48.193
4938	48.185
4939	48.176
4940	48.167
4941	48.158
4942	48.149
4943	48.141
4944	48.132
4945	48.123
4946	48.114
4947	48.105
4948	48.097
4949	48.088
4950	48.079
4951	48.07
4952	48.061
4953	48.053
4954	48.044
4955	48.035
4956	48.026
4957	48.018
4958	48.009
4959	48
4960	47.991
4961	47.982
4962	47.974
4963	47.965
4964	47.956
4965	47.948
4966	47.939
4967	47.93
4968	47.921
4969	47.913
4970	47.904
4971	47.895
4972	47.886
4973	47.878
4974	47.869
4975	47.86
4976	47.852
4977	47.843
4978	47.834
4979	47.826
4980	47.817
4981	47.808
4982	47.799
4983	47.791
4984	47.782
4985	47.773
4986	47.765
4987	47.756
4988	47.747
4989	47.739
4990	47.73
4991	47.721
4992	47.713
4993	47.704
4994	47.696
4995	47.687
4996	47.678
4997	47.67
4998	47.661
4999	47.652
5000	47.644
5001	47.635
5002	47.627
5003	47.618
5004	47.609
5005	47.601
5006	47.592
5007	47.584
5008	47.575
5009	47.566
5010	47.558
5011	47.549
5012	47.541
5013	47.532
5014	47.523
5015	47.515
5016	47.506
5017	47.498
5018	47.489
5019	47.481
5020	47.472
5021	47.463
5022	47.455
5023	47.446
5024	47.438
5025	47.429
5026	47.421
5027	47.412
5028	47.404
5029	47.395
5030	47.387
5031	47.378
5032	47.37
5033	47.361
5034	47.353
5035	47.344
5036	47.336
5037	47.327
5038	47.319
5039	47.31
5040	47.302
5041	47.293
5042	47.285
5043	47.276
5044	47.268
5045	47.259
5046	47.251
5047	47.242
5048	47.234
5049	47.225
5050	47.217
5051	47.208
5052	47.2
5053	47.191
5054	47.183
5055	47.175
5056	47.166
5057	47.158
5058	47.149
5059	47.141
5060	47.132
5061	47.124
5062	47.116
5063	47.107
5064	47.099
5065	47.09
5066	47.082
5067	47.073
5068	47.065
5069	47.057
5070	47.048
5071	47.04
5072	47.031
5073	47.023
5074	47.015
5075	47.006
5076	46.998
5077	46.99
5078	46.981
5079	46.973
5080	46.965
5081	46.956
5082	46.948
5083	46.939
5084	46.931
5085	46.923
5086	46.914
5087	46.906
5088	46.898
5089	46.889
5090	46.881
5091	46.873
5092	46.864
5093	46.856
5094	46.848
5095	46.839
5096	46.831
5097	46.823
5098	46.815
5099	46.806
5100	46.798
5101	46.79
5102	46.781
5103	46.773
5104	46.765
5105	46.756
5106	46.748
5107	46.74
5108	46.732
5109	46.723
5110	46.715
5111	46.707
5112	46.699
5113	46.69
5114	46.682
5115	46.674
5116	46.666
5117	46.657
5118	46.649
5119	46.641
5120	46.633
5121	46.624
5122	46.616
5123	46.608
5124	46.6
5125	46.592
5126	46.583
5127	46.575
5128	46.567
5129	46.559
5130	46.55
5131	46.542
5132	46.534
5133	46.526
5134	46.518
5135	46.51
5136	46.501
5137	46.493
5138	46.485
5139	46.477
5140	46.469
5141	46.46
5142	46.452
5143	46.444
5144	46.436
5145	46.428
5146	46.42
5147	46.412
5148	46.403
5149	46.395
5150	46.387
5151	46.379
5152	46.371
5153	46.363
5154	46.355
5155	46.346
5156	46.338
5157	46.33
5158	46.322
5159	46.314
5160	46.306
5161	46.298
5162	46.29
5163	46.282
5164	46.274
5165	46.265
5166	46.257
5167	46.249
5168	46.241
5169	46.233
5170	46.225
5171	46.217
5172	46.209
5173	46.201
5174	46.193
5175	46.185
5176	46.177
5177	46.169
5178	46.161
5179	46.152
5180	46.144
5181	46.136
5182	46.128
5183	46.12
5184	46.112
5185	46.104
5186	46.096
5187	46.088
5188	46.08
5189	46.072
5190	46.064
5191	46.056
5192	46.048
5193	46.04
5194	46.032
5195	46.024
5196	46.016
5197	46.008
5198	46
5199	45.992
5200	45.984
5201	45.976
5202	45.968
5203	45.96
5204	45.952
5205	45.944
5206	45.936
5207	45.928
5208	45.92
5209	45.913
5210	45.905
5211	45.897
5212	45.889
5213	45.881
5214	45.873
5215	45.865
5216	45.857
5217	45.849
5218	45.841
5219	45.833
5220	45.825
5221	45.817
5222	45.809
5223	45.802
5224	45.794
5225	45.786
5226	45.778
5227	45.77
5228	45.762
5229	45.754
5230	45.746
5231	45.738
5232	45.731
5233	45.723
5234	45.715
5235	45.707
5236	45.699
5237	45.691
5238	45.683
5239	45.675
5240	45.668
5241	45.66
5242	45.652
5243	45.644
5244	45.636
5245	45.628
5246	45.621
5247	45.613
5248	45.605
5249	45.597
5250	45.589
5251	45.581
5252	45.574
5253	45.566
5254	45.558
5255	45.55
5256	45.542
5257	45.534
5258	45.527
5259	45.519
5260	45.511
5261	45.503
5262	45.496
5263	45.488
5264	45.48
5265	45.472
5266	45.464
5267	45.457
5268	45.449
5269	45.441
5270	45.433
5271	45.426
5272	45.418
5273	45.41
5274	45.402
5275	45.395
5276	45.387
5277	45.379
5278	45.371
5279	45.364
5280	45.356
5281	45.348
5282	45.34
5283	45.333
5284	45.325
5285	45.317
5286	45.31
5287	45.302
5288	45.294
5289	45.286
5290	45.279
5291	45.271
5292	45.263
5293	45.256
5294	45.248
5295	45.24
5296	45.233
5297	45.225
5298	45.217
5299	45.21
5300	45.202
5301	45.194
5302	45.187
5303	45.179
5304	45.171
5305	45.164
5306	45.156
5307	45.148
5308	45.141
5309	45.133
5310	45.125
5311	45.118
5312	45.11
5313	45.102
5314	45.095
5315	45.087
5316	45.08
5317	45.072
5318	45.064
5319	45.057
5320	45.049
5321	45.042
5322	45.034
5323	45.026
5324	45.019
5325	45.011
5326	45.004
5327	44.996
5328	44.988
5329	44.981
5330	44.973
5331	44.966
5332	44.958
5333	44.95
5334	44.943
5335	44.935
5336	44.928
5337	44.92
5338	44.913
5339	44.905
5340	44.898
5341	44.89
5342	44.882
5343	44.875
5344	44.867
5345	44.86
5346	44.852
5347	44.845
5348	44.837
5349	44.83
5350	44.822
5351	44.815
5352	44.807
5353	44.8
5354	44.792
5355	44.785
5356	44.777
5357	44.77
5358	44.762
5359	44.755
5360	44.747
5361	44.74
5362	44.732
5363	44.725
5364	44.717
5365	44.71
5366	44.702
5367	44.695
5368	44.687
5369	44.68
5370	44.672
5371	44.665
5372	44.658
5373	44.65
5374	44.643
5375	44.635
5376	44.628
5377	44.62
5378	44.613
5379	44.605
5380	44.598
5381	44.591
5382	44.583
5383	44.576
5384	44.568
5385	44.561
5386	44.554
5387	44.546
5388	44.539
5389	44.531
5390	44.524
5391	44.516
5392	44.509
5393	44.502
5394	44.494
5395	44.487
5396	44.48
5397	44.472
5398	44.465
5399	44.457
5400	44.45
5401	44.443
5402	44.435
5403	44.428
5404	44.421
5405	44.413
5406	44.406
5407	44.399
5408	44.391
5409	44.384
5410	44.377
5411	44.369
5412	44.362
5413	44.355
5414	44.347
5415	44.34
5416	44.333
5417	44.325
5418	44.318
5419	44.311
5420	44.303
5421	44.296
5422	44.289
5423	44.281
5424	44.274
5425	44.267
5426	44.259
5427	44.252
5428	44.245
5429	44.238
5430	44.23
5431	44.223
5432	44.216
5433	44.208
5434	44.201
5435	44.194
5436	44.187
5437	44.179
5438	44.172
5439	44.165
5440	44.158
5441	44.15
5442	44.143
5443	44.136
5444	44.129
5445	44.121
5446	44.114
5447	44.107
5448	44.1
5449	44.092
5450	44.085
5451	44.078
5452	44.071
5453	44.064
5454	44.056
5455	44.049
5456	44.042
5457	44.035
5458	44.028
5459	44.02
5460	44.013
5461	44.006
5462	43.999
5463	43.992
5464	43.984
5465	43.977
5466	43.97
5467	43.963
5468	43.956
5469	43.949
5470	43.941
5471	43.934
5472	43.927
5473	43.92
5474	43.913
5475	43.906
5476	43.898
5477	43.891
5478	43.884
5479	43.877
5480	43.87
5481	43.863
5482	43.856
5483	43.849
5484	43.841
5485	43.834
5486	43.827
5487	43.82
5488	43.813
5489	43.806
5490	43.799
5491	43.792
5492	43.784
5493	43.777
5494	43.77
5495	43.763
5496	43.756
5497	43.749
5498	43.742
5499	43.735
5500	43.728
5501	43.721
5502	43.714
5503	43.707
5504	43.699
5505	43.692
5506	43.685
5507	43.678
5508	43.671
5509	43.664
5510	43.657
5511	43.65
5512	43.643
5513	43.636
5514	43.629
5515	43.622
5516	43.615
5517	43.608
5518	43.601
5519	43.594
5520	43.587
5521	43.58
5522	43.573
5523	43.566
5524	43.559
5525	43.552
5526	43.545
5527	43.538
5528	43.531
5529	43.524
5530	43.517
5531	43.51
5532	43.503
5533	43.496
5534	43.489
5535	43.482
5536	43.475
5537	43.468
5538	43.461
5539	43.454
5540	43.447
5541	43.44
5542	43.433
5543	43.426
5544	43.419
5545	43.412
5546	43.405
5547	43.398
5548	43.391
5549	43.384
5550	43.377
5551	43.37
5552	43.364
5553	43.357
5554	43.35
5555	43.343
5556	43.336
5557	43.329
5558	43.322
5559	43.315
5560	43.308
5561	43.301
5562	43.294
5563	43.287
5564	43.281
5565	43.274
5566	43.267
5567	43.26
5568	43.253
5569	43.246
5570	43.239
5571	43.232
5572	43.225
5573	43.219
5574	43.212
5575	43.205
5576	43.198
5577	43.191
5578	43.184
5579	43.177
5580	43.171
5581	43.164
5582	43.157
5583	43.15
5584	43.143
5585	43.136
5586	43.13
5587	43.123
5588	43.116
5589	43.109
5590	43.102
5591	43.095
5592	43.089
5593	43.082
5594	43.075
5595	43.068
5596	43.061
5597	43.054
5598	43.048
5599	43.041
5600	43.034
5601	43.027
5602	43.02
5603	43.014
5604	43.007
5605	43
5606	42.993
5607	42.987
5608	42.98
5609	42.973
5610	42.966
5611	42.959
5612	42.953
5613	42.946
5614	42.939
5615	42.932
5616	42.926
5617	42.919
5618	42.912
5619	42.905
5620	42.899
5621	42.892
5622	42.885
5623	42.878
5624	42.872
5625	42.865
5626	42.858
5627	42.852
5628	42.845
5629	42.838
5630	42.831
5631	42.825
5632	42.818
5633	42.811
5634	42.805
5635	42.798
5636	42.791
5637	42.784
5638	42.778
5639	42.771
5640	42.764
5641	42.758
5642	42.751
5643	42.744
5644	42.738
5645	42.731
5646	42.724
5647	42.718
5648	42.711
5649	42.704
5650	42.698
5651	42.691
5652	42.684
5653	42.678
5654	42.671
5655	42.664
5656	42.658
5657	42.651
5658	42.644
5659	42.638
5660	42.631
5661	42.624
5662	42.618
5663	42.611
5664	42.605
5665	42.598
5666	42.591
5667	42.585
5668	42.578
5669	42.572
5670	42.565
5671	42.558
5672	42.552
5673	42.545
5674	42.539
5675	42.532
5676	42.525
5677	42.519
5678	42.512
5679	42.506
5680	42.499
5681	42.492
5682	42.486
5683	42.479
5684	42.473
5685	42.466
5686	42.46
5687	42.453
5688	42.446
5689	42.44
5690	42.433
5691	42.427
5692	42.42
5693	42.414
5694	42.407
5695	42.401
5696	42.394
5697	42.387
5698	42.381
5699	42.374
5700	42.368
5701	42.361
5702	42.355
5703	42.348
5704	42.342
5705	42.335
5706	42.329
5707	42.322
5708	42.316
5709	42.309
5710	42.303
5711	42.296
5712	42.29
5713	42.283
5714	42.277
5715	42.27
5716	42.264
5717	42.257
5718	42.251
5719	42.244
5720	42.238
5721	42.231
5722	42.225
5723	42.218
5724	42.212
5725	42.206
5726	42.199
5727	42.193
5728	42.186
5729	42.18
5730	42.173
5731	42.167
5732	42.16
5733	42.154
5734	42.147
5735	42.141
5736	42.135
5737	42.128
5738	42.122
5739	42.115
5740	42.109
5741	42.102
5742	42.096
5743	42.09
5744	42.083
5745	42.077
5746	42.07
5747	42.064
5748	42.058
5749	42.051
5750	42.045
5751	42.038
5752	42.032
5753	42.026
5754	42.019
5755	42.013
5756	42.006
5757	42
5758	41.994
5759	41.987
5760	41.981
5761	41.975
5762	41.968
5763	41.962
5764	41.956
5765	41.949
5766	41.943
5767	41.936
5768	41.93
5769	41.924
5770	41.917
5771	41.911
5772	41.905
5773	41.898
5774	41.892
5775	41.886
5776	41.879
5777	41.873
5778	41.867
5779	41.86
5780	41.854
5781	41.848
5782	41.841
5783	41.835
5784	41.829
5785	41.823
5786	41.816
5787	41.81
5788	41.804
5789	41.797
5790	41.791
5791	41.785
5792	41.778
5793	41.772
5794	41.766
5795	41.76
5796	41.753
5797	41.747
5798	41.741
5799	41.734
5800	41.728
5801	41.722
5802	41.716
5803	41.709
5804	41.703
5805	41.697
5806	41.691
5807	41.684
5808	41.678
5809	41.672
5810	41.666
5811	41.659
5812	41.653
5813	41.647
5814	41.641
5815	41.634
5816	41.628
5817	41.622
5818	41.616
5819	41.61
5820	41.603
5821	41.597
5822	41.591
5823	41.585
5824	41.579
5825	41.572
5826	41.566
5827	41.56
5828	41.554
5829	41.548
5830	41.541
5831	41.535
5832	41.529
5833	41.523
5834	41.517
5835	41.51
5836	41.504
5837	41.498
5838	41.492
5839	41.486
5840	41.48
5841	41.473
5842	41.467
5843	41.461
5844	41.455
5845	41.449
5846	41.443
5847	41.436
5848	41.43
5849	41.424
5850	41.418
5851	41.412
5852	41.406
5853	41.4
5854	41.393
5855	41.387
5856	41.381
5857	41.375
5858	41.369
5859	41.363
5860	41.357
5861	41.351
5862	41.344
5863	41.338
5864	41.332
5865	41.326
5866	41.32
5867	41.314
5868	41.308
5869	41.302
5870	41.296
5871	41.29
5872	41.283
5873	41.277
5874	41.271
5875	41.265
5876	41.259
5877	41.253
5878	41.247
5879	41.241
5880	41.235
5881	41.229
5882	41.223
5883	41.217
5884	41.211
5885	41.205
5886	41.199
5887	41.192
5888	41.186
5889	41.18
5890	41.174
5891	41.168
5892	41.162
5893	41.156
5894	41.15
5895	41.144
5896	41.138
5897	41.132
5898	41.126
5899	41.12
5900	41.114
5901	41.108
5902	41.102
5903	41.096
5904	41.09
5905	41.084
5906	41.078
5907	41.072
5908	41.066
5909	41.06
5910	41.054
5911	41.048
5912	41.042
5913	41.036
5914	41.03
5915	41.024
5916	41.018
5917	41.012
5918	41.006
5919	41
5920	40.994
5921	40.988
5922	40.982
5923	40.976
5924	40.97
5925	40.964
5926	40.958
5927	40.952
5928	40.946
5929	40.94
5930	40.935
5931	40.929
5932	40.923
5933	40.917
5934	40.911
5935	40.905
5936	40.899
5937	40.893
5938	40.887
5939	40.881
5940	40.875
5941	40.869
5942	40.863
5943	40.857
5944	40.852
5945	40.846
5946	40.84
5947	40.834
5948	40.828
5949	40.822
5950	40.816
5951	40.81
5952	40.804
5953	40.798
5954	40.793
5955	40.787
5956	40.781
5957	40.775
5958	40.769
5959	40.763
5960	40.757
5961	40.751
5962	40.746
5963	40.74
5964	40.734
5965	40.728
5966	40.722
5967	40.716
5968	40.71
5969	40.704
5970	40.699
5971	40.693
5972	40.687
5973	40.681
5974	40.675
5975	40.669
5976	40.664
5977	40.658
5978	40.652
5979	40.646
5980	40.64
5981	40.634
5982	40.629
5983	40.623
5984	40.617
5985	40.611
5986	40.605
5987	40.6
5988	40.594
5989	40.588
5990	40.582
5991	40.576
5992	40.571
5993	40.565
5994	40.559
5995	40.553
5996	40.547
5997	40.542
5998	40.536
5999	40.53
6000	40.524