200	33.995
201	34.015
202	34.035
203	34.056
204	34.076
205	34.097
206	34.118
207	34.14
208	34.162
209	34.184
210	34.207
211	34.23
212	34.253
213	34.276
214	34.3
215	34.324
216	34.349
217	34.373
218	34.398
219	34.424
220	34.449
221	34.475
222	34.502
223	34.528
224	34.555
225	34.582
226	34.61
227	34.637
228	34.665
229	34.694
230	34.722
231	34.751
232	34.78
233	34.81
234	34.84
235	34.87
236	34.9
237	34.93
238	34.961
239	34.992
240	35.024
241	35.055
242	35.087
243	35.119
244	35.152
245	35.185
246	35.218
247	35.251
248	35.284
249	35.318
250	35.352
251	35.386
252	35.42
253	35.455
254	35.49
255	35.525
256	35.56
257	35.596
258	35.632
259	35.668
260	35.704
261	35.74
262	35.777
263	35.814
264	35.851
265	35.888
266	35.926
267	35.964
268	36.001
269	36.04
270	36.078
271	36.116
272	36.155
273	36.194
274	36.233
275	36.272
276	36.312
277	36.351
278	36.391
279	36.431
280	36.471
281	36.511
282	36.552
283	36.592
284	36.633
285	36.674
286	36.715
287	36.757
288	36.798
289	36.84
290	36.881
291	36.923
292	36.965
293	37.007
294	37.05
295	37.092
296	37.134
297	37.177
298	37.22
299	37.263
300	37.306
301	37.349
302	37.393
303	37.436
304	37.48
305	37.523
306	37.567
307	37.611
308	37.655
309	37.699
310	37.743
311	37.788
312	37.832
313	37.877
314	37.921
315	37.966
316	38.011
317	38.056
318	38.101
319	38.146
320	38.191
321	38.236
322	38.282
323	38.327
324	38.373
325	38.418
326	38.464
327	38.51
328	38.556
329	38.602
330	38.648
331	38.694
332	38.74
333	38.786
334	38.832
335	38.879
336	38.925
337	38.972
338	39.018
339	39.065
340	39.111
341	39.158
342	39.205
343	39.252
344	39.298
345	39.345
346	39.392
347	39.439
348	39.486
349	39.534
350	39.581
351	39.628
352	39.675
353	39.723
354	39.77
355	39.817
356	39.865
357	39.912
358	39.96
359	40.007
360	40.055
361	40.102
362	40.15
363	40.198
364	40.245
365	40.293
366	40.341
367	40.389
368	40.436
369	40.484
370	40.532
371	40.58
372	40.628
373	40.676
374	40.724
375	40.772
376	40.82
377	40.868
378	40.916
379	40.964
380	41.012
381	41.06
382	41.108
383	41.156
384	41.204
385	41.252
386	41.301
387	41.349
388	41.397
389	41.445
390	41.493
391	41.542
392	41.59
393	41.638
394	41.686
395	41.735
396	41.783
397	41.831
398	41.879
399	41.928
400	41.976
401	42.024
402	42.072
403	42.121
404	42.169
405	42.217
406	42.266
407	42.314
408	42.362
409	42.411
410	42.459
411	42.507
412	42.555
413	42.604
414	42.652
415	42.7
416	42.749
417	42.797
418	42.845
419	42.893
420	42.942
421	42.99
422	43.038
423	43.086
424	43.135
425	43.183
426	43.231
427	43.279
428	43.328
429	43.376
430	43.424
431	43.472
432	43.52
433	43.568
434	43.617
435	43.665
436	43.713
437	43.761
438	43.809
439	43.857
440	43.905
441	43.953
442	44.001
443	44.049
444	44.097
445	44.145
446	44.193
447	44.241
448	44.289
449	44.337
450	44.385
451	44.433
452	44.481
453	44.529
454	44.577
455	44.625
456	44.673
457	44.721
458	44.768
459	44.816
460	44.864
461	44.912
462	44.959
463	45.007
464	45.055
465	45.103
466	45.15
467	45.198
468	45.246
469	45.293
470	45.341
471	45.388
472	45.436
473	45.483
474	45.531
475	45.578
476	45.626
477	45.673
478	45.721
479	45.768
480	45.816
481	45.863
482	45.91
483	45.958
484	46.005
485	46.052
486	46.099
487	46.147
488	46.194
489	46.241
490	46.288
491	46.335
492	46.382
493	46.43
494	46.477
495	46.524
496	46.571
497	46.618
498	46.665
499	46.712
500	46.758
501	46.805
502	46.852
503	46.899
504	46.946
505	46.993
506	47.039
507	47.086
508	47.133
509	47.18
510	47.226
511	47.273
512	47.319
513	47.366
514	47.413
515	47.459
516	47.506
517	47.552
518	47.599
519	47.645
520	47.691
521	47.738
522	47.784
523	47.83
524	47.877
525	47.923
526	47.969
527	48.015
528	48.061
529	48.107
530	48.154
531	48.2
532	48.246
533	48.292
534	48.338
535	48.384
536	48.429
537	48.475
538	48.521
539	48.567
540	48.613
541	48.659
542	48.704
543	48.75
544	48.796
545	48.841
546	48.887
547	48.933
548	48.978
549	49.024
550	49.069
551	49.115
552	49.16
553	49.205
554	49.251
555	49.296
556	49.341
557	49.387
558	49.432
559	49.477
560	49.522
561	49.567
562	49.612
563	49.657
564	49.702
565	49.747
566	49.792
567	49.837
568	49.882
569	49.927
570	49.972
571	50.017
572	50.061
573	50.106
574	50.151
575	50.196
576	50.24
577	50.285
578	50.329
579	50.374
580	50.418
581	50.463
582	50.507
583	50.552
584	50.596
585	50.64
586	50.684
587	50.729
588	50.773
589	50.817
590	50.861
591	50.905
592	50.949
593	50.993
594	51.037
595	51.081
596	51.125
597	51.169
598	51.213
599	51.257
600	51.3
601	51.344
602	51.388
603	51.432
604	51.475
605	51.519
606	51.562
607	51.606
608	51.649
609	51.693
610	51.736
611	51.779
612	51.823
613	51.866
614	51.909
615	51.952
616	51.996
617	52.039
618	52.082
619	52.125
620	52.168
621	52.211
622	52.254
623	52.297
624	52.34
625	52.382
626	52.425
627	52.468
628	52.511
629	52.553
630	52.596
631	52.638
632	52.681
633	52.724
634	52.766
635	52.808
636	52.851
637	52.893
638	52.935
639	52.978
640	53.02
641	53.062
642	53.104
643	53.146
644	53.188
645	53.23
646	53.272
647	53.314
648	53.356
649	53.398
650	53.44
651	53.482
652	53.524
653	53.565
654	53.607
655	53.649
656	53.69
657	53.732
658	53.773
659	53.815
660	53.856
661	53.897
662	53.939
663	53.98
664	54.021
665	54.062
666	54.104
667	54.145
668	54.186
669	54.227
670	54.268
671	54.309
672	54.35
673	54.391
674	54.431
675	54.472
676	54.513
677	54.554
678	54.594
679	54.635
680	54.676
681	54.716
682	54.757
683	54.797
684	54.838
685	54.878
686	54.918
687	54.958
688	54.999
689	55.039
690	55.079
691	55.119
692	55.159
693	55.199
694	55.239
695	55.279
696	55.319
697	55.359
698	55.399
699	55.439
700	55.478
701	55.518
702	55.558
703	55.597
704	55.637
705	55.676
706	55.716
707	55.755
708	55.794
709	55.834
710	55.873
711	55.912
712	55.952
713	55.991
714	56.03
715	56.069
716	56.108
717	56.147
718	56.186
719	56.225
720	56.264
721	56.302
722	56.341
723	56.38
724	56.419
725	56.457
726	56.496
727	56.534
728	56.573
729	56.611
730	56.65
731	56.688
732	56.726
733	56.765
734	56.803
735	56.841
736	56.879
737	56.917
738	56.955
739	56.993
740	57.031
741	57.069
742	57.107
743	57.145
744	57.183
745	57.22
746	57.258
747	57.296
748	57.333
749	57.371
750	57.408
751	57.446
752	57.483
753	57.521
754	57.558
755	57.595
756	57.633
757	57.67
758	57.707
759	57.744
760	57.781
761	57.818
762	57.855
763	57.892
764	57.929
765	57.966
766	58.003
767	58.039
768	58.076
769	58.113
770	58.149
771	58.186
772	58.222
773	58.259
774	58.295
775	58.332
776	58.368
777	58.404
778	58.441
779	58.477
780	58.513
781	58.549
782	58.585
783	58.621
784	58.657
785	58.693
786	58.729
787	58.765
788	58.801
789	58.836
790	58.872
791	58.908
792	58.943
793	58.979
794	59.014
795	59.05
796	59.085
797	59.121
798	59.156
799	59.191
800	59.227
801	59.262
802	59.297
803	59.332
804	59.367
805	59.402
806	59.437
807	59.472
808	59.507
809	59.542
810	59.577
811	59.612
812	59.646
813	59.681
814	59.716
815	59.75
816	59.785
817	59.819
818	59.854
819	59.888
820	59.922
821	59.957
822	59.991
823	60.025
824	60.059
825	60.093
826	60.128
827	60.162
828	60.196
829	60.23
830	60.263
831	60.297
832	60.331
833	60.365
834	60.399
835	60.432
836	60.466
837	60.499
838	60.533
839	60.566
840	60.6
841	60.633
842	60.667
843	60.7
844	60.733
845	60.766
846	60.8
847	60.833
848	60.866
849	60.899
850	60.932
851	60.965
852	60.998
853	61.031
854	61.063
855	61.096
856	61.129
857	61.162
858	61.194
859	61.227
860	61.259
861	61.292
862	61.324
863	61.357
864	61.389
865	61.421
866	61.454
867	61.486
868	61.518
869	61.55
870	61.582
871	61.615
872	61.647
873	61.678
874	61.71
875	61.742
876	61.774
877	61.806
878	61.838
879	61.869
880	61.901
881	61.933
882	61.964
883	61.996
884	62.027
885	62.059
886	62.09
887	62.121
888	62.153
889	62.184
890	62.215
891	62.246
892	62.277
893	62.309
894	62.34
895	62.371
896	62.401
897	62.432
898	62.463
899	62.494
900	62.525
901	62.556
902	62.586
903	62.617
904	62.647
905	62.678
906	62.709
907	62.739
908	62.769
909	62.8
910	62.83
911	62.86
912	62.891
913	62.921
914	62.951
915	62.981
916	63.011
917	63.041
918	63.071
919	63.101
920	63.131
921	63.161
922	63.191
923	63.221
924	63.25
925	63.28
926	63.31
927	63.339
928	63.369
929	63.398
930	63.428
931	63.457
932	63.486
933	63.516
934	63.545
935	63.574
936	63.604
937	63.633
938	63.662
939	63.691
940	63.72
941	63.749
942	63.778
943	63.807
944	63.836
945	63.865
946	63.893
947	63.922
948	63.951
949	63.979
950	64.008
951	64.037
952	64.065
953	64.094
954	64.122
955	64.15
956	64.179
957	64.207
958	64.235
959	64.264
960	64.292
961	64.32
962	64.348
963	64.376
964	64.404
965	64.432
966	64.46
967	64.488
968	64.516
969	64.544
970	64.571
971	64.599
972	64.627
973	64.654
974	64.682
975	64.709
976	64.737
977	64.764
978	64.792
979	64.819
980	64.847
981	64.874
982	64.901
983	64.928
984	64.956
985	64.983
986	65.01
987	65.037
988	65.064
989	65.091
990	65.118
991	65.145
992	65.172
993	65.198
994	65.225
995	65.252
996	65.279
997	65.305
998	65.332
999	65.358
1000	65.385
1001	65.411
1002	65.438
1003	65.464
1004	65.491
1005	65.517
1006	65.543
1007	65.569
1008	65.596
1009	65.622
1010	65.648
1011	65.674
1012	65.7
1013	65.726
1014	65.752
1015	65.778
1016	65.804
1017	65.83
1018	65.855
1019	65.881
1020	65.907
1021	65.933
1022	65.958
1023	65.984
1024	66.009
1025	66.035
1026	66.06
1027	66.086
1028	66.111
1029	66.137
1030	66.162
1031	66.187
1032	66.212
1033	66.238
1034	66.263
1035	66.288
1036	66.313
1037	66.338
1038	66.363
1039	66.388
1040	66.413
1041	66.438
1042	66.463
1043	66.487
1044	66.512
1045	66.537
1046	66.562
1047	66.586
1048	66.611
1049	66.635
1050	66.66
1051	66.684
1052	66.709
1053	66.733
1054	66.758
1055	66.782
1056	66.806
1057	66.83
1058	66.855
1059	66.879
1060	66.903
1061	66.927
1062	66.951
1063	66.975
1064	66.999
1065	67.023
1066	67.047
1067	67.071
1068	67.095
1069	67.118
1070	67.142
1071	67.166
1072	67.19
1073	67.213
1074	67.237
1075	67.26
1076	67.284
1077	67.307
1078	67.331
1079	67.354
1080	67.378
1081	67.401
1082	67.424
1083	67.448
1084	67.471
1085	67.494
1086	67.517
1087	67.54
1088	67.563
1089	67.586
1090	67.609
1091	67.632
1092	67.655
1093	67.678
1094	67.701
1095	67.724
1096	67.746
1097	67.769
1098	67.792
1099	67.815
1100	67.837
1101	67.86
1102	67.882
1103	67.905
1104	67.927
1105	67.95
1106	67.972
1107	67.994
1108	68.017
1109	68.039
1110	68.061
1111	68.083
1112	68.106
1113	68.128
1114	68.15
1115	68.172
1116	68.194
1117	68.216
1118	68.238
1119	68.26
1120	68.282
1121	68.304
1122	68.325
1123	68.347
1124	68.369
1125	68.39
1126	68.412
1127	68.434
1128	68.455
1129	68.477
1130	68.498
1131	68.52
1132	68.541
1133	68.563
1134	68.584
1135	68.605
1136	68.627
1137	68.648
1138	68.669
1139	68.69
1140	68.712
1141	68.733
1142	68.754
1143	68.775
1144	68.796
1145	68.817
1146	68.838
1147	68.859
1148	68.879
1149	68.9
1150	68.921
1151	68.942
1152	68.962
1153	68.983
1154	69.004
1155	69.024
1156	69.045
1157	69.065
1158	69.086
1159	69.106
1160	69.127
1161	69.147
1162	69.168
1163	69.188
1164	69.208
1165	69.229
1166	69.249
1167	69.269
1168	69.289
1169	69.309
1170	69.329
1171	69.349
1172	69.369
1173	69.389
1174	69.409
1175	69.429
1176	69.449
1177	69.469
1178	69.489
1179	69.508
1180	69.528
1181	69.548
1182	69.567
1183	69.587
1184	69.607
1185	69.626
1186	69.646
1187	69.665
1188	69.685
1189	69.704
1190	69.723
1191	69.743
1192	69.762
1193	69.781
1194	69.8
1195	69.82
1196	69.839
1197	69.858
1198	69.877
1199	69.896
1200	69.915
1201	69.934
1202	69.953
1203	69.972
1204	69.991
1205	70.01
1206	70.029
1207	70.047
1208	70.066
1209	70.085
1210	70.104
1211	70.122
1212	70.141
1213	70.159
1214	70.178
1215	70.196
1216	70.215
1217	70.233
1218	70.252
1219	70.27
1220	70.288
1221	70.307
1222	70.325
1223	70.343
1224	70.361
1225	70.38
1226	70.398
1227	70.416
1228	70.434
1229	70.452
1230	70.47
1231	70.488
1232	70.506
1233	70.524
1234	70.542
1235	70.559
1236	70.577
1237	70.595
1238	70.613
1239	70.63
1240	70.648
1241	70.666
1242	70.683
1243	70.701
1244	70.718
1245	70.736
1246	70.753
1247	70.771
1248	70.788
1249	70.805
1250	70.823
1251	70.84
1252	70.857
1253	70.875
1254	70.892
1255	70.909
1256	70.926
1257	70.943
1258	70.96
1259	70.977
1260	70.994
1261	71.011
1262	71.028
1263	71.045
1264	71.062
1265	71.079
1266	71.095
1267	71.112
1268	71.129
1269	71.145
1270	71.162
1271	71.179
1272	71.195
1273	71.212
1274	71.228
1275	71.245
1276	71.261
1277	71.278
1278	71.294
1279	71.31
1280	71.327
1281	71.343
1282	71.359
1283	71.376
1284	71.392
1285	71.408
1286	71.424
1287	71.44
1288	71.456
1289	71.472
1290	71.488
1291	71.504
1292	71.52
1293	71.536
1294	71.552
1295	71.567
1296	71.583
1297	71.599
1298	71.615
1299	71.63
1300	71.646
1301	71.662
1302	71.677
1303	71.693
1304	71.708
1305	71.724
1306	71.739
1307	71.755
1308	71.77
1309	71.785
1310	71.801
1311	71.816
1312	71.831
1313	71.847
1314	71.862
1315	71.877
1316	71.892
1317	71.907
1318	71.922
1319	71.937
1320	71.952
1321	71.967
1322	71.982
1323	71.997
1324	72.012
1325	72.027
1326	72.041
1327	72.056
1328	72.071
1329	72.086
1330	72.1
1331	72.115
1332	72.129
1333	72.144
1334	72.159
1335	72.173
1336	72.188
1337	72.202
1338	72.216
1339	72.231
1340	72.245
1341	72.259
1342	72.274
1343	72.288
1344	72.302
1345	72.316
1346	72.33
1347	72.344
1348	72.359
1349	72.373
1350	72.387
1351	72.401
1352	72.414
1353	72.428
1354	72.442
1355	72.456
1356	72.47
1357	72.484
1358	72.497
1359	72.511
1360	72.525
1361	72.538
1362	72.552
1363	72.566
1364	72.579
1365	72.593
1366	72.606
1367	72.62
1368	72.633
1369	72.646
1370	72.66
1371	72.673
1372	72.686
1373	72.7
1374	72.713
1375	72.726
1376	72.739
1377	72.752
1378	72.765
1379	72.778
1380	72.791
1381	72.804
1382	72.817
1383	72.83
1384	72.843
1385	72.856
1386	72.869
1387	72.882
1388	72.894
1389	72.907
1390	72.92
1391	72.932
1392	72.945
1393	72.958
1394	72.97
1395	72.983
1396	72.995
1397	73.008
1398	73.02
1399	73.032
1400	73.045
1401	73.057
1402	73.069
1403	73.082
1404	73.094
1405	73.106
1406	73.118
1407	73.13
1408	73.142
1409	73.155
1410	73.167
1411	73.179
1412	73.191
1413	73.202
1414	73.214
1415	73.226
1416	73.238
1417	73.25
1418	73.262
1419	73.273
1420	73.285
1421	73.297
1422	73.308
1423	73.32
1424	73.332
1425	73.343
1426	73.355
1427	73.366
1428	73.377
1429	73.389
1430	73.4
1431	73.412
1432	73.423
1433	73.434
1434	73.445
1435	73.457
1436	73.468
1437	73.479
1438	73.49
1439	73.501
1440	73.512
1441	73.523
1442	73.534
1443	73.545
1444	73.556
1445	73.567
1446	73.578
1447	73.588
1448	73.599
1449	73.61
1450	73.621
1451	73.631
1452	73.642
1453	73.653
1454	73.663
1455	73.674
1456	73.684
1457	73.695
1458	73.705
1459	73.716
1460	73.726
1461	73.736
1462	73.747
1463	73.757
1464	73.767
1465	73.777
1466	73.787
1467	73.798
1468	73.808
1469	73.818
1470	73.828
1471	73.838
1472	73.848
1473	73.858
1474	73.868
1475	73.878
1476	73.887
1477	73.897
1478	73.907
1479	73.917
1480	73.926
1481	73.936
1482	73.946
1483	73.955
1484	73.965
1485	73.974
1486	73.984
1487	73.993
1488	74.003
1489	74.012
1490	74.022
1491	74.031
1492	74.04
1493	74.05
1494	74.059
1495	74.068
1496	74.077
1497	74.086
1498	74.096
1499	74.105
1500	74.114
1501	74.123
1502	74.132
1503	74.141
1504	74.149
1505	74.158
1506	74.167
1507	74.176
1508	74.185
1509	74.193
1510	74.202
1511	74.211
1512	74.219
1513	74.228
1514	74.237
1515	74.245
1516	74.254
1517	74.262
1518	74.271
1519	74.279
1520	74.287
1521	74.296
1522	74.304
1523	74.312
1524	74.32
1525	74.329
1526	74.337
1527	74.345
1528	74.353
1529	74.361
1530	74.369
1531	74.377
1532	74.385
1533	74.393
1534	74.401
1535	74.409
1536	74.417
1537	74.424
1538	74.432
1539	74.44
1540	74.448
1541	74.455
1542	74.463
1543	74.47
1544	74.478
1545	74.486
1546	74.493
1547	74.5
1548	74.508
1549	74.515
1550	74.523
1551	74.53
1552	74.537
1553	74.544
1554	74.552
1555	74.559
1556	74.566
1557	74.573
1558	74.58
1559	74.587
1560	74.594
1561	74.601
1562	74.608
1563	74.615
1564	74.622
1565	74.629
1566	74.636
1567	74.642
1568	74.649
1569	74.656
1570	74.662
1571	74.669
1572	74.676
1573	74.682
1574	74.689
1575	74.695
1576	74.702
1577	74.708
1578	74.715
1579	74.721
1580	74.727
1581	74.734
1582	74.74
1583	74.746
1584	74.752
1585	74.758
1586	74.765
1587	74.771
1588	74.777
1589	74.783
1590	74.789
1591	74.795
1592	74.801
1593	74.806
1594	74.812
1595	74.818
1596	74.824
1597	74.83
1598	74.835
1599	74.841
1600	74.847
1601	74.852
1602	74.858
1603	74.863
1604	74.869
1605	74.874
1606	74.88
1607	74.885
1608	74.89
1609	74.896
1610	74.901
1611	74.906
1612	74.912
1613	74.917
1614	74.922
1615	74.927
1616	74.932
1617	74.937
1618	74.942
1619	74.947
1620	74.952
1621	74.957
1622	74.962
1623	74.967
1624	74.972
1625	74.976
1626	74.981
1627	74.986
1628	74.991
1629	74.995
1630	75
1631	75.004
1632	75.009
1633	75.013
1634	75.018
1635	75.022
1636	75.027
1637	75.031
1638	75.035
1639	75.04
1640	75.044
1641	75.048
1642	75.052
1643	75.056
1644	75.061
1645	75.065
1646	75.069
1647	75.073
1648	75.077
1649	75.081
1650	75.085
1651	75.088
1652	75.092
1653	75.096
1654	75.1
1655	75.104
1656	75.107
1657	75.111
1658	75.115
1659	75.118
1660	75.122
1661	75.125
1662	75.129
1663	75.132
1664	75.136
1665	75.139
1666	75.142
1667	75.146
1668	75.149
1669	75.152
1670	75.155
1671	75.159
1672	75.162
1673	75.165
1674	75.168
1675	75.171
1676	75.174
1677	75.177
1678	75.18
1679	75.183
1680	75.186
1681	75.189
1682	75.191
1683	75.194
1684	75.197
1685	75.2
1686	75.202
1687	75.205
1688	75.207
1689	75.21
1690	75.213
1691	75.215
1692	75.217
1693	75.22
1694	75.222
1695	75.225
1696	75.227
1697	75.229
1698	75.231
1699	75.234
1700	75.236
1701	75.238
1702	75.24
1703	75.242
1704	75.244
1705	75.246
1706	75.248
1707	75.25
1708	75.252
1709	75.254
1710	75.256
1711	75.257
1712	75.259
1713	75.261
1714	75.263
1715	75.264
1716	75.266
1717	75.267
1718	75.269
1719	75.271
1720	75.272
1721	75.273
1722	75.275
1723	75.276
1724	75.278
1725	75.279
1726	75.28
1727	75.281
1728	75.283
1729	75.284
1730	75.285
1731	75.286
1732	75.287
1733	75.288
1734	75.289
1735	75.29
1736	75.291
1737	75.292
1738	75.293
1739	75.294
1740	75.294
1741	75.295
1742	75.296
1743	75.296
1744	75.297
1745	75.298
1746	75.298
1747	75.299
1748	75.299
1749	75.3
1750	75.3
1751	75.301
1752	75.301
1753	75.301
1754	75.302
1755	75.302
1756	75.302
1757	75.302
1758	75.303
1759	75.303
1760	75.303
1761	75.303
1762	75.303
1763	75.303
1764	75.303
1765	75.303
1766	75.303
1767	75.302
1768	75.302
1769	75.302
1770	75.302
1771	75.301
1772	75.301
1773	75.301
1774	75.3
1775	75.3
1776	75.3
1777	75.299
1778	75.299
1779	75.298
1780	75.297
1781	75.297
1782	75.296
1783	75.295
1784	75.295
1785	75.294
1786	75.293
1787	75.292
1788	75.291
1789	75.29
1790	75.29
1791	75.289
1792	75.288
1793	75.286
1794	75.285
1795	75.284
1796	75.283
1797	75.282
1798	75.281
1799	75.28
1800	75.278
1801	75.277
1802	75.276
1803	75.274
1804	75.273
1805	75.271
1806	75.27
1807	75.268
1808	75.267
1809	75.265
1810	75.264
1811	75.262
1812	75.26
1813	75.258
1814	75.257
1815	75.255
1816	75.253
1817	75.251
1818	75.249
1819	75.247
1820	75.245
1821	75.243
1822	75.241
1823	75.239
1824	75.237
1825	75.235
1826	75.233
1827	75.231
1828	75.229
1829	75.226
1830	75.224
1831	75.222
1832	75.219
1833	75.217
1834	75.214
1835	75.212
1836	75.209
1837	75.207
1838	75.204
1839	75.202
1840	75.199
1841	75.196
1842	75.194
1843	75.191
1844	75.188
1845	75.185
1846	75.183
1847	75.18
1848	75.177
1849	75.174
1850	75.171
1851	75.168
1852	75.165
1853	75.162
1854	75.159
1855	75.156
1856	75.152
1857	75.149
1858	75.146
1859	75.143
1860	75.139
1861	75.136
1862	75.133
1863	75.129
1864	75.126
1865	75.122
1866	75.119
1867	75.115
1868	75.112
1869	75.108
1870	75.104
1871	75.101
1872	75.097
1873	75.093
1874	75.09
1875	75.086
1876	75.082
1877	75.078
1878	75.074
1879	75.07
1880	75.066
1881	75.062
1882	75.058
1883	75.054
1884	75.05
1885	75.046
1886	75.042
1887	75.038
1888	75.033
1889	75.029
1890	75.025
1891	75.02
1892	75.016
1893	75.012
1894	75.007
1895	75.003
1896	74.998
1897	74.994
1898	74.989
1899	74.985
1900	74.98
1901	74.975
1902	74.971
1903	74.966
1904	74.961
1905	74.956
1906	74.952
1907	74.947
1908	74.942
1909	74.937
1910	74.932
1911	74.927
1912	74.922
1913	74.917
1914	74.912
1915	74.907
1916	74.902
1917	74.897
1918	74.891
1919	74.886
1920	74.881
1921	74.876
1922	74.87
1923	74.865
1924	74.86
1925	74.854
1926	74.849
1927	74.843
1928	74.838
1929	74.832
1930	74.827
1931	74.821
1932	74.815
1933	74.81
1934	74.804
1935	74.798
1936	74.792
1937	74.787
1938	74.781
1939	74.775
1940	74.769
1941	74.763
1942	74.757
1943	74.751
1944	74.745
1945	74.739
1946	74.733
1947	74.727
1948	74.721
1949	74.714
1950	74.708
1951	74.702
1952	74.696
1953	74.689
1954	74.683
1955	74.677
1956	74.67
1957	74.664
1958	74.657
1959	74.651
1960	74.644
1961	74.638
1962	74.631
1963	74.625
1964	74.618
1965	74.611
1966	74.605
1967	74.598
1968	74.591
1969	74.584
1970	74.578
1971	74.571
1972	74.564
1973	74.557
1974	74.55
1975	74.543
1976	74.536
1977	74.529
1978	74.522
1979	74.515
1980	74.508
1981	74.5
1982	74.493
1983	74.486
1984	74.479
1985	74.472
1986	74.464
1987	74.457
1988	74.45
1989	74.442
1990	74.435
1991	74.427
1992	74.42
1993	74.412
1994	74.405
1995	74.397
1996	74.389
1997	74.382
1998	74.374
1999	74.366
2000	74.359
2001	74.351
2002	74.343
2003	74.335
2004	74.327
2005	74.32
2006	74.312
2007	74.304
2008	74.296
2009	74.288
2010	74.28
2011	74.272
2012	74.264
2013	74.256
2014	74.247
2015	74.239
2016	74.231
2017	74.223
2018	74.215
2019	74.206
2020	74.198
2021	74.19
2022	74.181
2023	74.173
2024	74.164
2025	74.156
2026	74.147
2027	74.139
2028	74.13
2029	74.122
2030	74.113
2031	74.105
2032	74.096
2033	74.087
2034	74.078
2035	74.07
2036	74.061
2037	74.052
2038	74.043
2039	74.034
2040	74.026
2041	74.017
2042	74.008
2043	73.999
2044	73.99
2045	73.981
2046	73.972
2047	73.962
2048	73.953
2049	73.944
2050	73.935
2051	73.926
2052	73.917
2053	73.907
2054	73.898
2055	73.889
2056	73.879
2057	73.87
2058	73.861
2059	73.851
2060	73.842
2061	73.832
2062	73.823
2063	73.813
2064	73.804
2065	73.794
2066	73.785
2067	73.775
2068	73.765
2069	73.756
2070	73.746
2071	73.736
2072	73.726
2073	73.716
2074	73.707
2075	73.697
2076	73.687
2077	73.677
2078	73.667
2079	73.657
2080	73.647
2081	73.637
2082	73.627
2083	73.617
2084	73.607
2085	73.597
2086	73.587
2087	73.576
2088	73.566
2089	73.556
2090	73.546
2091	73.535
2092	73.525
2093	73.515
2094	73.504
2095	73.494
2096	73.484
2097	73.473
2098	73.463
2099	73.452
2100	73.442
2101	73.431
2102	73.42
2103	73.41
2104	73.399
2105	73.389
2106	73.378
2107	73.367
2108	73.356
2109	73.346
2110	73.335
2111	73.324
2112	73.313
2113	73.302
2114	73.291
2115	73.281
2116	73.27
2117	73.259
2118	73.248
2119	73.237
2120	73.226
2121	73.215
2122	73.203
2123	73.192
2124	73.181
2125	73.17
2126	73.159
2127	73.148
2128	73.136
2129	73.125
2130	73.114
2131	73.103
2132	73.091
2133	73.08
2134	73.068
2135	73.057
2136	73.046
2137	73.034
2138	73.023
2139	73.011
2140	73
2141	72.988
2142	72.976
2143	72.965
2144	72.953
2145	72.941
2146	72.93
2147	72.918
2148	72.906
2149	72.895
2150	72.883
2151	72.871
2152	72.859
2153	72.847
2154	72.835
2155	72.823
2156	72.812
2157	72.8
2158	72.788
2159	72.776
2160	72.764
2161	72.752
2162	72.739
2163	72.727
2164	72.715
2165	72.703
2166	72.691
2167	72.679
2168	72.667
2169	72.654
2170	72.642
2171	72.63
2172	72.617
2173	72.605
2174	72.593
2175	72.58
2176	72.568
2177	72.556
2178	72.543
2179	72.531
2180	72.518
2181	72.506
2182	72.493
2183	72.481
2184	72.468
2185	72.455
2186	72.443
2187	72.43
2188	72.417
2189	72.405
2190	72.392
2191	72.379
2192	72.366
2193	72.354
2194	72.341
2195	72.328
2196	72.315
2197	72.302
2198	72.289
2199	72.276
2200	72.264
2201	72.251
2202	72.238
2203	72.225
2204	72.212
2205	72.198
2206	72.185
2207	72.172
2208	72.159
2209	72.146
2210	72.133
2211	72.12
2212	72.106
2213	72.093
2214	72.08
2215	72.067
2216	72.053
2217	72.04
2218	72.027
2219	72.013
2220	72
2221	71.987
2222	71.973
2223	71.96
2224	71.946
2225	71.933
2226	71.919
2227	71.906
2228	71.892
2229	71.879
2230	71.865
2231	71.851
2232	71.838
2233	71.824
2234	71.81
2235	71.797
2236	71.783
2237	71.769
2238	71.756
2239	71.742
2240	71.728
2241	71.714
2242	71.7
2243	71.686
2244	71.673
2245	71.659
2246	71.645
2247	71.631
2248	71.617
2249	71.603
2250	71.589
2251	71.575
2252	71.561
2253	71.547
2254	71.533
2255	71.518
2256	71.504
2257	71.49
2258	71.476
2259	71.462
2260	71.448
2261	71.433
2262	71.419
2263	71.405
2264	71.391
2265	71.376
2266	71.362
2267	71.348
2268	71.333
2269	71.319
2270	71.304
2271	71.29
2272	71.276
2273	71.261
2274	71.247
2275	71.232
2276	71.218
2277	71.203
2278	71.189
2279	71.174
2280	71.159
2281	71.145
2282	71.13
2283	71.115
2284	71.101
2285	71.086
2286	71.071
2287	71.057
2288	71.042
2289	71.027
2290	71.012
2291	70.998
2292	70.983
2293	70.968
2294	70.953
2295	70.938
2296	70.923
2297	70.908
2298	70.893
2299	70.879
2300	70.864
2301	70.849
2302	70.834
2303	70.819
2304	70.804
2305	70.788
2306	70.773
2307	70.758
2308	70.743
2309	70.728
2310	70.713
2311	70.698
2312	70.683
2313	70.667
2314	70.652
2315	70.637
2316	70.622
2317	70.606
2318	70.591
2319	70.576
2320	70.56
2321	70.545
2322	70.53
2323	70.514
2324	70.499
2325	70.484
2326	70.468
2327	70.453
2328	70.437
2329	70.422
2330	70.406
2331	70.391
2332	70.375
2333	70.36
2334	70.344
2335	70.329
2336	70.313
2337	70.297
2338	70.282
2339	70.266
2340	70.25
2341	70.235
2342	70.219
2343	70.203
2344	70.188
2345	70.172
2346	70.156
2347	70.14
2348	70.125
2349	70.109
2350	70.093
2351	70.077
2352	70.061
2353	70.045
2354	70.029
2355	70.014
2356	69.998
2357	69.982
2358	69.966
2359	69.95
2360	69.934
2361	69.918
2362	69.902
2363	69.886
2364	69.87
2365	69.854
2366	69.838
2367	69.821
2368	69.805
2369	69.789
2370	69.773
2371	69.757
2372	69.741
2373	69.725
2374	69.708
2375	69.692
2376	69.676
2377	69.66
2378	69.643
2379	69.627
2380	69.611
2381	69.594
2382	69.578
2383	69.562
2384	69.545
2385	69.529
2386	69.513
2387	69.496
2388	69.48
2389	69.463
2390	69.447
2391	69.431
2392	69.414
2393	69.398
2394	69.381
2395	69.365
2396	69.348
2397	69.331
2398	69.315
2399	69.298
2400	69.282
2401	69.265
2402	69.249
2403	69.232
2404	69.215
2405	69.199
2406	69.182
2407	69.165
2408	69.149
2409	69.132
2410	69.115
2411	69.098
2412	69.082
2413	69.065
2414	69.048
2415	69.031
2416	69.014
2417	68.998
2418	68.981
2419	68.964
2420	68.947
2421	68.93
2422	68.913
2423	68.896
2424	68.879
2425	68.862
2426	68.846
2427	68.829
2428	68.812
2429	68.795
2430	68.778
2431	68.761
2432	68.744
2433	68.727
2434	68.709
2435	68.692
2436	68.675
2437	68.658
2438	68.641
2439	68.624
2440	68.607
2441	68.59
2442	68.573
2443	68.555
2444	68.538
2445	68.521
2446	68.504
2447	68.487
2448	68.469
2449	68.452
2450	68.435
2451	68.418
2452	68.4
2453	68.383
2454	68.366
2455	68.348
2456	68.331
2457	68.314
2458	68.296
2459	68.279
2460	68.262
2461	68.244
2462	68.227
2463	68.209
2464	68.192
2465	68.175
2466	68.157
2467	68.14
2468	68.122
2469	68.105
2470	68.087
2471	68.07
2472	68.052
2473	68.035
2474	68.017
2475	68
2476	67.982
2477	67.964
2478	67.947
2479	67.929
2480	67.912
2481	67.894
2482	67.876
2483	67.859
2484	67.841
2485	67.823
2486	67.806
2487	67.788
2488	67.77
2489	67.753
2490	67.735
2491	67.717
2492	67.699
2493	67.682
2494	67.664
2495	67.646
2496	67.628
2497	67.61
2498	67.593
2499	67.575
2500	67.557
2501	67.539
2502	67.521
2503	67.503
2504	67.486
2505	67.468
2506	67.45
2507	67.432
2508	67.414
2509	67.396
2510	67.378
2511	67.36
2512	67.342
2513	67.324
2514	67.306
2515	67.288
2516	67.27
2517	67.252
2518	67.234
2519	67.216
2520	67.198
2521	67.18
2522	67.162
2523	67.144
2524	67.126
2525	67.108
2526	67.09
2527	67.072
2528	67.053
2529	67.035
2530	67.017
2531	66.999
2532	66.981
2533	66.963
2534	66.945
2535	66.926
2536	66.908
2537	66.89
2538	66.872
2539	66.854
2540	66.835
2541	66.817
2542	66.799
2543	66.781
2544	66.762
2545	66.744
2546	66.726
2547	66.707
2548	66.689
2549	66.671
2550	66.652
2551	66.634
2552	66.616
2553	66.597
2554	66.579
2555	66.561
2556	66.542
2557	66.524
2558	66.506
2559	66.487
2560	66.469
2561	66.45
2562	66.432
2563	66.413
2564	66.395
2565	66.377
2566	66.358
2567	66.34
2568	66.321
2569	66.303
2570	66.284
2571	66.266
2572	66.247
2573	66.229
2574	66.21
2575	66.192
2576	66.173
2577	66.154
2578	66.136
2579	66.117
2580	66.099
2581	66.08
2582	66.062
2583	66.043
2584	66.024
2585	66.006
2586	65.987
2587	65.968
2588	65.95
2589	65.931
2590	65.912
2591	65.894
2592	65.875
2593	65.856
2594	65.838
2595	65.819
2596	65.8
2597	65.782
2598	65.763
2599	65.744
2600	65.726
2601	65.707
2602	65.688
2603	65.669
2604	65.651
2605	65.632
2606	65.613
2607	65.594
2608	65.575
2609	65.557
2610	65.538
2611	65.519
2612	65.5
2613	65.481
2614	65.463
2615	65.444
2616	65.425
2617	65.406
2618	65.387
2619	65.368
2620	65.349
2621	65.33
2622	65.312
2623	65.293
2624	65.274
2625	65.255
2626	65.236
2627	65.217
2628	65.198
2629	65.179
2630	65.16
2631	65.141
2632	65.122
2633	65.103
2634	65.084
2635	65.065
2636	65.047
2637	65.028
2638	65.009
2639	64.99
2640	64.971
2641	64.952
2642	64.933
2643	64.913
2644	64.894
2645	64.875
2646	64.856
2647	64.837
2648	64.818
2649	64.799
2650	64.78
2651	64.761
2652	64.742
2653	64.723
2654	64.704
2655	64.685
2656	64.666
2657	64.647
2658	64.627
2659	64.608
2660	64.589
2661	64.57
2662	64.551
2663	64.532
2664	64.513
2665	64.494
2666	64.474
2667	64.455
2668	64.436
2669	64.417
2670	64.398
2671	64.379
2672	64.359
2673	64.34
2674	64.321
2675	64.302
2676	64.283
2677	64.263
2678	64.244
2679	64.225
2680	64.206
2681	64.187
2682	64.167
2683	64.148
2684	64.129
2685	64.11
2686	64.09
2687	64.071
2688	64.052
2689	64.032
2690	64.013
2691	63.994
2692	63.975
2693	63.955
2694	63.936
2695	63.917
2696	63.897
2697	63.878
2698	63.859
2699	63.84
2700	63.82
2701	63.801
2702	63.782
2703	63.762
2704	63.743
2705	63.724
2706	63.704
2707	63.685
2708	63.666
2709	63.646
2710	63.627
2711	63.607
2712	63.588
2713	63.569
2714	63.549
2715	63.53
2716	63.511
2717	63.491
2718	63.472
2719	63.452
2720	63.433
2721	63.414
2722	63.394
2723	63.375
2724	63.355
2725	63.336
2726	63.316
2727	63.297
2728	63.278
2729	63.258
2730	63.239
2731	63.219
2732	63.2
2733	63.18
2734	63.161
2735	63.141
2736	63.122
2737	63.103
2738	63.083
2739	63.064
2740	63.044
2741	63.025
2742	63.005
2743	62.986
2744	62.966
2745	62.947
2746	62.927
2747	62.908
2748	62.888
2749	62.869
2750	62.849
2751	62.83
2752	62.81
2753	62.791
2754	62.771
2755	62.752
2756	62.732
2757	62.713
2758	62.693
2759	62.674
2760	62.654
2761	62.634
2762	62.615
2763	62.595
2764	62.576
2765	62.556
2766	62.537
2767	62.517
2768	62.498
2769	62.478
2770	62.458
2771	62.439
2772	62.419
2773	62.4
2774	62.38
2775	62.361
2776	62.341
2777	62.321
2778	62.302
2779	62.282
2780	62.263
2781	62.243
2782	62.224
2783	62.204
2784	62.184
2785	62.165
2786	62.145
2787	62.126
2788	62.106
2789	62.086
2790	62.067
2791	62.047
2792	62.027
2793	62.008
2794	61.988
2795	61.969
2796	61.949
2797	61.929
2798	61.91
2799	61.89
2800	61.871
2801	61.851
2802	61.831
2803	61.812
2804	61.792
2805	61.772
2806	61.753
2807	61.733
2808	61.713
2809	61.694
2810	61.674
2811	61.654
2812	61.635
2813	61.615
2814	61.596
2815	61.576
2816	61.556
2817	61.537
2818	61.517
2819	61.497
2820	61.478
2821	61.458
2822	61.438
2823	61.419
2824	61.399
2825	61.379
2826	61.36
2827	61.34
2828	61.32
2829	61.301
2830	61.281
2831	61.261
2832	61.242
2833	61.222
2834	61.202
2835	61.182
2836	61.163
2837	61.143
2838	61.123
2839	61.104
2840	61.084
2841	61.064
2842	61.045
2843	61.025
2844	61.005
2845	60.986
2846	60.966
2847	60.946
2848	60.927
2849	60.907
2850	60.887
2851	60.867
2852	60.848
2853	60.828
2854	60.808
2855	60.789
2856	60.769
2857	60.749
2858	60.73
2859	60.71
2860	60.69
2861	60.671
2862	60.651
2863	60.631
2864	60.611
2865	60.592
2866	60.572
2867	60.552
2868	60.533
2869	60.513
2870	60.493
2871	60.474
2872	60.454
2873	60.434
2874	60.414
2875	60.395
2876	60.375
2877	60.355
2878	60.336
2879	60.316
2880	60.296
2881	60.277
2882	60.257
2883	60.237
2884	60.217
2885	60.198
2886	60.178
2887	60.158
2888	60.139
2889	60.119
2890	60.099
2891	60.079
2892	60.06
2893	60.04
2894	60.02
2895	60.001
2896	59.981
2897	59.961
2898	59.942
2899	59.922
2900	59.902
2901	59.882
2902	59.863
2903	59.843
2904	59.823
2905	59.804
2906	59.784
2907	59.764
2908	59.745
2909	59.725
2910	59.705
2911	59.686
2912	59.666
2913	59.646
2914	59.626
2915	59.607
2916	59.587
2917	59.567
2918	59.548
2919	59.528
2920	59.508
2921	59.489
2922	59.469
2923	59.449
2924	59.43
2925	59.41
2926	59.39
2927	59.371
2928	59.351
2929	59.331
2930	59.311
2931	59.292
2932	59.272
2933	59.252
2934	59.233
2935	59.213
2936	59.193
2937	59.174
2938	59.154
2939	59.134
2940	59.115
2941	59.095
2942	59.075
2943	59.056
2944	59.036
2945	59.016
2946	58.997
2947	58.977
2948	58.957
2949	58.938
2950	58.918
2951	58.899
2952	58.879
2953	58.859
2954	58.84
2955	58.82
2956	58.8
2957	58.781
2958	58.761
2959	58.741
2960	58.722
2961	58.702
2962	58.682
2963	58.663
2964	58.643
2965	58.624
2966	58.604
2967	58.584
2968	58.565
2969	58.545
2970	58.525
2971	58.506
2972	58.486
2973	58.467
2974	58.447
2975	58.427
2976	58.408
2977	58.388
2978	58.369
2979	58.349
2980	58.329
2981	58.31
2982	58.29
2983	58.271
2984	58.251
2985	58.231
2986	58.212
2987	58.192
2988	58.173
2989	58.153
2990	58.133
2991	58.114
2992	58.094
2993	58.075
2994	58.055
2995	58.036
2996	58.016
2997	57.996
2998	57.977
2999	57.957
3000	57.938
3001	57.918
3002	57.899
3003	57.879
3004	57.859
3005	57.84
3006	57.82
3007	57.801
3008	57.781
3009	57.762
3010	57.742
3011	57.723
3012	57.703
3013	57.684
3014	57.664
3015	57.645
3016	57.625
3017	57.606
3018	57.586
3019	57.567
3020	57.547
3021	57.528
3022	57.508
3023	57.489
3024	57.469
3025	57.45
3026	57.43
3027	57.411
3028	57.391
3029	57.372
3030	57.352
3031	57.333
3032	57.313
3033	57.294
3034	57.274
3035	57.255
3036	57.235
3037	57.216
3038	57.196
3039	57.177
3040	57.157
3041	57.138
3042	57.119
3043	57.099
3044	57.08
3045	57.06
3046	57.041
3047	57.021
3048	57.002
3049	56.982
3050	56.963
3051	56.944
3052	56.924
3053	56.905
3054	56.885
3055	56.866
3056	56.847
3057	56.827
3058	56.808
3059	56.788
3060	56.769
3061	56.75
3062	56.73
3063	56.711
3064	56.691
3065	56.672
3066	56.653
3067	56.633
3068	56.614
3069	56.595
3070	56.575
3071	56.556
3072	56.537
3073	56.517
3074	56.498
3075	56.479
3076	56.459
3077	56.44
3078	56.421
3079	56.401
3080	56.382
3081	56.363
3082	56.343
3083	56.324
3084	56.305
3085	56.285
3086	56.266
3087	56.247
3088	56.228
3089	56.208
3090	56.189
3091	56.17
3092	56.15
3093	56.131
3094	56.112
3095	56.093
3096	56.073
3097	56.054
3098	56.035
3099	56.016
3100	55.996
3101	55.977
3102	55.958
3103	55.939
3104	55.919
3105	55.9
3106	55.881
3107	55.862
3108	55.843
3109	55.823
3110	55.804
3111	55.785
3112	55.766
3113	55.747
3114	55.727
3115	55.708
3116	55.689
3117	55.67
3118	55.651
3119	55.632
3120	55.612
3121	55.593
3122	55.574
3123	55.555
3124	55.536
3125	55.517
3126	55.498
3127	55.478
3128	55.459
3129	55.44
3130	55.421
3131	55.402
3132	55.383
3133	55.364
3134	55.345
3135	55.326
3136	55.306
3137	55.287
3138	55.268
3139	55.249
3140	55.23
3141	55.211
3142	55.192
3143	55.173
3144	55.154
3145	55.135
3146	55.116
3147	55.097
3148	55.078
3149	55.059
3150	55.04
3151	55.021
3152	55.002
3153	54.983
3154	54.964
3155	54.945
3156	54.926
3157	54.907
3158	54.888
3159	54.869
3160	54.85
3161	54.831
3162	54.812
3163	54.793
3164	54.774
3165	54.755
3166	54.736
3167	54.717
3168	54.698
3169	54.679
3170	54.66
3171	54.641
3172	54.622
3173	54.603
3174	54.584
3175	54.566
3176	54.547
3177	54.528
3178	54.509
3179	54.49
3180	54.471
3181	54.452
3182	54.433
3183	54.414
3184	54.396
3185	54.377
3186	54.358
3187	54.339
3188	54.32
3189	54.301
3190	54.283
3191	54.264
3192	54.245
3193	54.226
3194	54.207
3195	54.189
3196	54.17
3197	54.151
3198	54.132
3199	54.113
3200	54.095
3201	54.076
3202	54.057
3203	54.038
3204	54.02
3205	54.001
3206	53.982
3207	53.963
3208	53.945
3209	53.926
3210	53.907
3211	53.888
3212	53.87
3213	53.851
3214	53.832
3215	53.814
3216	53.795
3217	53.776
3218	53.758
3219	53.739
3220	53.72
3221	53.702
3222	53.683
3223	53.664
3224	53.646
3225	53.627
3226	53.608
3227	53.59
3228	53.571
3229	53.552
3230	53.534
3231	53.515
3232	53.497
3233	53.478
3234	53.459
3235	53.441
3236	53.422
3237	53.404
3238	53.385
3239	53.367
3240	53.348
3241	53.329
3242	53.311
3243	53.292
3244	53.274
3245	53.255
3246	53.237
3247	53.218
3248	53.2
3249	53.181
3250	53.163
3251	53.144
3252	53.126
3253	53.107
3254	53.089
3255	53.07
3256	53.052
3257	53.033
3258	53.015
3259	52.997
3260	52.978
3261	52.96
3262	52.941
3263	52.923
3264	52.904
3265	52.886
3266	52.868
3267	52.849
3268	52.831
3269	52.812
3270	52.794
3271	52.776
3272	52.757
3273	52.739
3274	52.721
3275	52.702
3276	52.684
3277	52.666
3278	52.647
3279	52.629
3280	52.611
3281	52.592
3282	52.574
3283	52.556
3284	52.537
3285	52.519
3286	52.501
3287	52.483
3288	52.464
3289	52.446
3290	52.428
3291	52.41
3292	52.391
3293	52.373
3294	52.355
3295	52.337
3296	52.319
3297	52.3
3298	52.282
3299	52.264
3300	52.246
3301	52.228
3302	52.209
3303	52.191
3304	52.173
3305	52.155
3306	52.137
3307	52.119
3308	52.1
3309	52.082
3310	52.064
3311	52.046
3312	52.028
3313	52.01
3314	51.992
3315	51.974
3316	51.956
3317	51.937
3318	51.919
3319	51.901
3320	51.883
3321	51.865
3322	51.847
3323	51.829
3324	51.811
3325	51.793
3326	51.775
3327	51.757
3328	51.739
3329	51.721
3330	51.703
3331	51.685
3332	51.667
3333	51.649
3334	51.631
3335	51.613
3336	51.595
3337	51.577
3338	51.559
3339	51.541
3340	51.523
3341	51.506
3342	51.488
3343	51.47
3344	51.452
3345	51.434
3346	51.416
3347	51.398
3348	51.38
3349	51.362
3350	51.345
3351	51.327
3352	51.309
3353	51.291
3354	51.273
3355	51.255
3356	51.238
3357	51.22
3358	51.202
3359	51.184
3360	51.166
3361	51.149
3362	51.131
3363	51.113
3364	51.095
3365	51.078
3366	51.06
3367	51.042
3368	51.024
3369	51.007
3370	50.989
3371	50.971
3372	50.953
3373	50.936
3374	50.918
3375	50.9
3376	50.883
3377	50.865
3378	50.847
3379	50.83
3380	50.812
3381	50.794
3382	50.777
3383	50.759
3384	50.742
3385	50.724
3386	50.706
3387	50.689
3388	50.671
3389	50.654
3390	50.636
3391	50.618
3392	50.601
3393	50.583
3394	50.566
3395	50.548
3396	50.531
3397	50.513
3398	50.496
3399	50.478
3400	50.461
3401	50.443
3402	50.426
3403	50.408
3404	50.391
3405	50.373
3406	50.356
3407	50.338
3408	50.321
3409	50.303
3410	50.286
3411	50.268
3412	50.251
3413	50.234
3414	50.216
3415	50.199
3416	50.181
3417	50.164
3418	50.147
3419	50.129
3420	50.112
3421	50.095
3422	50.077
3423	50.06
3424	50.043
3425	50.025
3426	50.008
3427	49.991
3428	49.973
3429	49.956
3430	49.939
3431	49.921
3432	49.904
3433	49.887
3434	49.87
3435	49.852
3436	49.835
3437	49.818
3438	49.801
3439	49.784
3440	49.766
3441	49.749
3442	49.732
3443	49.715
3444	49.698
3445	49.68
3446	49.663
3447	49.646
3448	49.629
3449	49.612
3450	49.595
3451	49.577
3452	49.56
3453	49.543
3454	49.526
3455	49.509
3456	49.492
3457	49.475
3458	49.458
3459	49.441
3460	49.424
3461	49.407
3462	49.39
3463	49.372
3464	49.355
3465	49.338
3466	49.321
3467	49.304
3468	49.287
3469	49.27
3470	49.253
3471	49.236
3472	49.219
3473	49.203
3474	49.186
3475	49.169
3476	49.152
3477	49.135
3478	49.118
3479	49.101
3480	49.084
3481	49.067
3482	49.05
3483	49.033
3484	49.016
3485	49
3486	48.983
3487	48.966
3488	48.949
3489	48.932
3490	48.915
3491	48.898
3492	48.882
3493	48.865
3494	48.848
3495	48.831
3496	48.814
3497	48.798
3498	48.781
3499	48.764
3500	48.747
3501	48.731
3502	48.714
3503	48.697
3504	48.68
3505	48.664
3506	48.647
3507	48.63
3508	48.614
3509	48.597
3510	48.58
3511	48.564
3512	48.547
3513	48.53
3514	48.514
3515	48.497
3516	48.48
3517	48.464
3518	48.447
3519	48.431
3520	48.414
3521	48.397
3522	48.381
3523	48.364
3524	48.348
3525	48.331
3526	48.315
3527	48.298
3528	48.282
3529	48.265
3530	48.248
3531	48.232
3532	48.215
3533	48.199
3534	48.182
3535	48.166
3536	48.15
3537	48.133
3538	48.117
3539	48.1
3540	48.084
3541	48.067
3542	48.051
3543	48.034
3544	48.018
3545	48.002
3546	47.985
3547	47.969
3548	47.953
3549	47.936
3550	47.92
3551	47.903
3552	47.887
3553	47.871
3554	47.854
3555	47.838
3556	47.822
3557	47.806
3558	47.789
3559	47.773
3560	47.757
3561	47.74
3562	47.724
3563	47.708
3564	47.692
3565	47.675
3566	47.659
3567	47.643
3568	47.627
3569	47.611
3570	47.594
3571	47.578
3572	47.562
3573	47.546
3574	47.53
3575	47.513
3576	47.497
3577	47.481
3578	47.465
3579	47.449
3580	47.433
3581	47.417
3582	47.401
3583	47.385
3584	47.368
3585	47.352
3586	47.336
3587	47.32
3588	47.304
3589	47.288
3590	47.272
3591	47.256
3592	47.24
3593	47.224
3594	47.208
3595	47.192
3596	47.176
3597	47.16
3598	47.144
3599	47.128
3600	47.112
3601	47.096
3602	47.08
3603	47.064
3604	47.048
3605	47.033
3606	47.017
3607	47.001
3608	46.985
3609	46.969
3610	46.953
3611	46.937
3612	46.921
3613	46.906
3614	46.89
3615	46.874
3616	46.858
3617	46.842
3618	46.826
3619	46.811
3620	46.795
3621	46.779
3622	46.763
3623	46.748
3624	46.732
3625	46.716
3626	46.7
3627	46.685
3628	46.669
3629	46.653
3630	46.637
3631	46.622
3632	46.606
3633	46.59
3634	46.575
3635	46.559
3636	46.543
3637	46.528
3638	46.512
3639	46.496
3640	46.481
3641	46.465
3642	46.45
3643	46.434
3644	46.418
3645	46.403
3646	46.387
3647	46.372
3648	46.356
3649	46.341
3650	46.325
3651	46.31
3652	46.294
3653	46.279
3654	46.263
3655	46.248
3656	46.232
3657	46.217
3658	46.201
3659	46.186
3660	46.17
3661	46.155
3662	46.139
3663	46.124
3664	46.108
3665	46.093
3666	46.078
3667	46.062
3668	46.047
3669	46.031
3670	46.016
3671	46.001
3672	45.985
3673	45.97
3674	45.955
3675	45.939
3676	45.924
3677	45.909
3678	45.893
3679	45.878
3680	45.863
3681	45.848
3682	45.832
3683	45.817
3684	45.802
3685	45.786
3686	45.771
3687	45.756
3688	45.741
3689	45.726
3690	45.71
3691	45.695
3692	45.68
3693	45.665
3694	45.65
3695	45.634
3696	45.619
3697	45.604
3698	45.589
3699	45.574
3700	45.559
3701	45.544
3702	45.529
3703	45.513
3704	45.498
3705	45.483
3706	45.468
3707	45.453
3708	45.438
3709	45.423
3710	45.408
3711	45.393
3712	45.378
3713	45.363
3714	45.348
3715	45.333
3716	45.318
3717	45.303
3718	45.288
3719	45.273
3720	45.258
3721	45.243
3722	45.228
3723	45.213
3724	45.198
3725	45.183
3726	45.169
3727	45.154
3728	45.139
3729	45.124
3730	45.109
3731	45.094
3732	45.079
3733	45.065
3734	45.05
3735	45.035
3736	45.02
3737	45.005
3738	44.99
3739	44.976
3740	44.961
3741	44.946
3742	44.931
3743	44.917
3744	44.902
3745	44.887
3746	44.872
3747	44.858
3748	44.843
3749	44.828
3750	44.813
3751	44.799
3752	44.784
3753	44.769
3754	44.755
3755	44.74
3756	44.725
3757	44.711
3758	44.696
3759	44.682
3760	44.667
3761	44.652
3762	44.638
3763	44.623
3764	44.609
3765	44.594
3766	44.579
3767	44.565
3768	44.55
3769	44.536
3770	44.521
3771	44.507
3772	44.492
3773	44.478
3774	44.463
3775	44.449
3776	44.434
3777	44.42
3778	44.405
3779	44.391
3780	44.376
3781	44.362
3782	44.348
3783	44.333
3784	44.319
3785	44.304
3786	44.29
3787	44.275
3788	44.261
3789	44.247
3790	44.232
3791	44.218
3792	44.204
3793	44.189
3794	44.175
3795	44.161
3796	44.146
3797	44.132
3798	44.118
3799	44.103
3800	44.089
3801	44.075
3802	44.061
3803	44.046
3804	44.032
3805	44.018
3806	44.004
3807	43.99
3808	43.975
3809	43.961
3810	43.947
3811	43.933
3812	43.919
3813	43.904
3814	43.89
3815	43.876
3816	43.862
3817	43.848
3818	43.834
3819	43.82
3820	43.805
3821	43.791
3822	43.777
3823	43.763
3824	43.749
3825	43.735
3826	43.721
3827	43.707
3828	43.693
3829	43.679
3830	43.665
3831	43.651
3832	43.637
3833	43.623
3834	43.609
3835	43.595
3836	43.581
3837	43.567
3838	43.553
3839	43.539
3840	43.525
3841	43.511
3842	43.497
3843	43.483
3844	43.469
3845	43.455
3846	43.442
3847	43.428
3848	43.414
3849	43.4
3850	43.386
3851	43.372
3852	43.358
3853	43.345
3854	43.331
3855	43.317
3856	43.303
3857	43.289
3858	43.276
3859	43.262
3860	43.248
3861	43.234
3862	43.22
3863	43.207
3864	43.193
3865	43.179
3866	43.166
3867	43.152
3868	43.138
3869	43.124
3870	43.111
3871	43.097
3872	43.083
3873	43.07
3874	43.056
3875	43.042
3876	43.029
3877	43.015
3878	43.002
3879	42.988
3880	42.974
3881	42.961
3882	42.947
3883	42.934
3884	42.92
3885	42.906
3886	42.893
3887	42.879
3888	42.866
3889	42.852
3890	42.839
3891	42.825
3892	42.812
3893	42.798
3894	42.785
3895	42.771
3896	42.758
3897	42.744
3898	42.731
3899	42.717
3900	42.704
3901	42.691
3902	42.677
3903	42.664
3904	42.65
3905	42.637
3906	42.624
3907	42.61
3908	42.597
3909	42.583
3910	42.57
3911	42.557
3912	42.543
3913	42.53
3914	42.517
3915	42.503
3916	42.49
3917	42.477
3918	42.464
3919	42.45
3920	42.437
3921	42.424
3922	42.41
3923	42.397
3924	42.384
3925	42.371
3926	42.358
3927	42.344
3928	42.331
3929	42.318
3930	42.305
3931	42.292
3932	42.278
3933	42.265
3934	42.252
3935	42.239
3936	42.226
3937	42.213
3938	42.2
3939	42.186
3940	42.173
3941	42.16
3942	42.147
3943	42.134
3944	42.121
3945	42.108
3946	42.095
3947	42.082
3948	42.069
3949	42.056
3950	42.043
3951	42.03
3952	42.017
3953	42.004
3954	41.991
3955	41.978
3956	41.965
3957	41.952
3958	41.939
3959	41.926
3960	41.913
3961	41.9
3962	41.887
3963	41.874
3964	41.861
3965	41.848
3966	41.836
3967	41.823
3968	41.81
3969	41.797
3970	41.784
3971	41.771
3972	41.758
3973	41.746
3974	41.733
3975	41.72
3976	41.707
3977	41.694
3978	41.682
3979	41.669
3980	41.656
3981	41.643
3982	41.63
3983	41.618
3984	41.605
3985	41.592
3986	41.58
3987	41.567
3988	41.554
3989	41.541
3990	41.529
3991	41.516
3992	41.503
3993	41.491
3994	41.478
3995	41.465
3996	41.453
3997	41.44
3998	41.427
3999	41.415
4000	41.402
4001	41.39
4002	41.377
4003	41.364
4004	41.352
4005	41.339
4006	41.327
4007	41.314
4008	41.302
4009	41.289
4010	41.277
4011	41.264
4012	41.252
4013	41.239
4014	41.227
4015	41.214
4016	41.202
4017	41.189
4018	41.177
4019	41.164
4020	41.152
4021	41.139
4022	41.127
4023	41.115
4024	41.102
4025	41.09
4026	41.077
4027	41.065
4028	41.053
4029	41.04
4030	41.028
4031	41.015
4032	41.003
4033	40.991
4034	40.978
4035	40.966
4036	40.954
4037	40.941
4038	40.929
4039	40.917
4040	40.905
4041	40.892
4042	40.88
4043	40.868
4044	40.856
4045	40.843
4046	40.831
4047	40.819
4048	40.807
4049	40.794
4050	40.782
4051	40.77
4052	40.758
4053	40.746
4054	40.733
4055	40.721
4056	40.709
4057	40.697
4058	40.685
4059	40.673
4060	40.661
4061	40.648
4062	40.636
4063	40.624
4064	40.612
4065	40.6
4066	40.588
4067	40.576
4068	40.564
4069	40.552
4070	40.54
4071	40.528
4072	40.516
4073	40.504
4074	40.492
4075	40.48
4076	40.468
4077	40.456
4078	40.444
4079	40.432
4080	40.42
4081	40.408
4082	40.396
4083	40.384
4084	40.372
4085	40.36
4086	40.348
4087	40.336
4088	40.324
4089	40.312
4090	40.301
4091	40.289
4092	40.277
4093	40.265
4094	40.253
4095	40.241
4096	40.229
4097	40.218
4098	40.206
4099	40.194
4100	40.182
4101	40.17
4102	40.159
4103	40.147
4104	40.135
4105	40.123
4106	40.112
4107	40.1
4108	40.088
4109	40.076
4110	40.065
4111	40.053
4112	40.041
4113	40.029
4114	40.018
4115	40.006
4116	39.994
4117	39.983
4118	39.971
4119	39.959
4120	39.948
4121	39.936
4122	39.925
4123	39.913
4124	39.901
4125	39.89
4126	39.878
4127	39.866
4128	39.855
4129	39.843
4130	39.832
4131	39.82
4132	39.809
4133	39.797
4134	39.786
4135	39.774
4136	39.762
4137	39.751
4138	39.739
4139	39.728
4140	39.716
4141	39.705
4142	39.694
4143	39.682
4144	39.671
4145	39.659
4146	39.648
4147	39.636
4148	39.625
4149	39.613
4150	39.602
4151	39.591
4152	39.579
4153	39.568
4154	39.556
4155	39.545
4156	39.534
4157	39.522
4158	39.511
4159	39.5
4160	39.488
4161	39.477
4162	39.466
4163	39.454
4164	39.443
4165	39.432
4166	39.42
4167	39.409
4168	39.398
4169	39.387
4170	39.375
4171	39.364
4172	39.353
4173	39.342
4174	39.33
4175	39.319
4176	39.308
4177	39.297
4178	39.286
4179	39.274
4180	39.263
4181	39.252
4182	39.241
4183	39.23
4184	39.219
4185	39.207
4186	39.196
4187	39.185
4188	39.174
4189	39.163
4190	39.152
4191	39.141
4192	39.13
4193	39.119
4194	39.107
4195	39.096
4196	39.085
4197	39.074
4198	39.063
4199	39.052
4200	39.041
4201	39.03
4202	39.019
4203	39.008
4204	38.997
4205	38.986
4206	38.975
4207	38.964
4208	38.953
4209	38.942
4210	38.931
4211	38.92
4212	38.909
4213	38.898
4214	38.888
4215	38.877
4216	38.866
4217	38.855
4218	38.844
4219	38.833
4220	38.822
4221	38.811
4222	38.8
4223	38.79
4224	38.779
4225	38.768
4226	38.757
4227	38.746
4228	38.735
4229	38.725
4230	38.714
4231	38.703
4232	38.692
4233	38.681
4234	38.671
4235	38.66
4236	38.649
4237	38.638
4238	38.628
4239	38.617
4240	38.606
4241	38.595
4242	38.585
4243	38.574
4244	38.563
4245	38.553
4246	38.542
4247	38.531
4248	38.521
4249	38.51
4250	38.499
4251	38.489
4252	38.478
4253	38.467
4254	38.457
4255	38.446
4256	38.436
4257	38.425
4258	38.414
4259	38.404
4260	38.393
4261	38.383
4262	38.372
4263	38.361
4264	38.351
4265	38.34
4266	38.33
4267	38.319
4268	38.309
4269	38.298
4270	38.288
4271	38.277
4272	38.267
4273	38.256
4274	38.246
4275	38.235
4276	38.225
4277	38.214
4278	38.204
4279	38.194
4280	38.183
4281	38.173
4282	38.162
4283	38.152
4284	38.141
4285	38.131
4286	38.121
4287	38.11
4288	38.1
4289	38.09
4290	38.079
4291	38.069
4292	38.058
4293	38.048
4294	38.038
4295	38.027
4296	38.017
4297	38.007
4298	37.997
4299	37.986
4300	37.976
4301	37.966
4302	37.955
4303	37.945
4304	37.935
4305	37.925
4306	37.914
4307	37.904
4308	37.894
4309	37.884
4310	37.873
4311	37.863
4312	37.853
4313	37.843
4314	37.833
4315	37.822
4316	37.812
4317	37.802
4318	37.792
4319	37.782
4320	37.772
4321	37.762
4322	37.751
4323	37.741
4324	37.731
4325	37.721
4326	37.711
4327	37.701
4328	37.691
4329	37.681
4330	37.671
4331	37.661
4332	37.65
4333	37.64
4334	37.63
4335	37.62
4336	37.61
4337	37.6
4338	37.59
4339	37.58
4340	37.57
4341	37.56
4342	37.55
4343	37.54
4344	37.53
4345	37.52
4346	37.51
4347	37.5
4348	37.49
4349	37.481
4350	37.471
4351	37.461
4352	37.451
4353	37.441
4354	37.431
4355	37.421
4356	37.411
4357	37.401
4358	37.391
4359	37.382
4360	37.372
4361	37.362
4362	37.352
4363	37.342
4364	37.332
4365	37.322
4366	37.313
4367	37.303
4368	37.293
4369	37.283
4370	37.273
4371	37.264
4372	37.254
4373	37.244
4374	37.234
4375	37.225
4376	37.215
4377	37.205
4378	37.195
4379	37.186
4380	37.176
4381	37.166
4382	37.156
4383	37.147
4384	37.137
4385	37.127
4386	37.118
4387	37.108
4388	37.098
4389	37.089
4390	37.079
4391	37.069
4392	37.06
4393	37.05
4394	37.04
4395	37.031
4396	37.021
4397	37.012
4398	37.002
4399	36.992
4400	36.983
4401	36.973
4402	36.964
4403	36.954
4404	36.945
4405	36.935
4406	36.925
4407	36.916
4408	36.906
4409	36.897
4410	36.887
4411	36.878
4412	36.868
4413	36.859
4414	36.849
4415	36.84
4416	36.83
4417	36.821
4418	36.811
4419	36.802
4420	36.793
4421	36.783
4422	36.774
4423	36.764
4424	36.755
4425	36.745
4426	36.736
4427	36.727
4428	36.717
4429	36.708
4430	36.698
4431	36.689
4432	36.68
4433	36.67
4434	36.661
4435	36.652
4436	36.642
4437	36.633
4438	36.624
4439	36.614
4440	36.605
4441	36.596
4442	36.586
4443	36.577
4444	36.568
4445	36.558
4446	36.549
4447	36.54
4448	36.531
4449	36.521
4450	36.512
4451	36.503
4452	36.494
4453	36.484
4454	36.475
4455	36.466
4456	36.457
4457	36.448
4458	36.438
4459	36.429
4460	36.42
4461	36.411
4462	36.402
4463	36.392
4464	36.383
4465	36.374
4466	36.365
4467	36.356
4468	36.347
4469	36.338
4470	36.328
4471	36.319
4472	36.31
4473	36.301
4474	36.292
4475	36.283
4476	36.274
4477	36.265
4478	36.256
4479	36.247
4480	36.238
4481	36.229
4482	36.22
4483	36.211
4484	36.201
4485	36.192
4486	36.183
4487	36.174
4488	36.165
4489	36.156
4490	36.147
4491	36.138
4492	36.129
4493	36.121
4494	36.112
4495	36.103
4496	36.094
4497	36.085
4498	36.076
4499	36.067
4500	36.058