   1            18.33894
   2            47.98994
   3            87.08754
   4           133.31240
   5           185.67099
   6           243.51310
   7           306.36092
   8           373.84357
   9           445.66225
  10           521.56951
  11           601.35604
  12           684.84175
  13           771.86955
  14           862.30082
  15           956.01209
  16          1052.89240
  17          1152.84140
  18          1255.76770
  19          1361.58770
  20          1470.22420
  21          1581.60630
  22          1695.66790
  23          1812.34750
  24          1931.58780
  25          2053.33500
  26          2177.53850
  27          2304.15080
  28          2433.12690
  29          2564.42440
  30          2698.00300
  31          2833.82450
  32          2971.85250
  33          3112.05230
  34          3254.39080
  35          3398.83660
  36          3545.35920
  37          3693.92990
  38          3844.52080
  39          3997.10520
  40          4151.65760
  41          4308.15340
  42          4466.56880
  43          4626.88100
  44          4789.06810
  45          4953.10890
  46          5118.98290
  47          5286.67040
  48          5456.15240
  49          5627.41060
  50          5800.42740
  51          5975.18550
  52          6151.66870
  53          6329.86110
  54          6509.74740
  55          6691.31300
  56          6874.54370
  57          7059.42600
  58          7245.94680
  59          7434.09380
  60          7623.85510
  61          7815.21910
  62          8008.17530
  63          8202.71310
  64          8398.82290
  65          8596.49540
  66          8795.72200
  67          8996.49440
  68          9198.80500
  69          9402.64670
  70          9608.01300
  71          9814.89760
  72         10023.29500
  73         10233.20100
  74         10444.61000
  75         10657.51800
  76         10871.92300
  77         11087.82100
  78         11305.21000
  79         11524.08800
  80         11744.45300
  81         11966.30600
  82         12189.64500
  83         12414.47100
  84         12640.78400
  85         12868.58700
  86         13097.88000
  87         13328.66700
  88         13560.94900
  89         13794.73000
  90         14030.01300
  91         14266.80400
  92         14505.10700
  93         14744.92700
  94         14986.26900
  95         15229.14100
  96         15473.54800
  97         15719.49800
  98         15966.99800
  99         16216.05700
 100         16466.68200
 101         16718.88300
 102         16972.66900
 103         17228.05100
 104         17485.03700
 105         17743.63900
 106         18003.86800
 107         18265.73600
 108         18529.25400
 109         18794.43400
 110         19061.28900
 111         19329.83300
 112         19600.07900
 113         19872.04000
 114         20145.73100
 115         20421.16700
 116         20698.36200
 117         20977.33200
 118         21258.09200
 119         21540.65900
 120         21825.04800
 121         22111.27800
 122         22399.36300
 123         22689.32300
 124         22981.17400
 125         23274.93600
 126         23570.62500
 127         23868.26100
 128         24167.86300
 129         24469.44900
 130         24773.04100
 131         25078.65700
 132         25386.31800
 133         25696.04400
 134         26007.85600
 135         26321.77500
 136         26637.82300
 137         26956.02000
 138         27276.39000
 139         27598.95300
 140         27923.73400
 141         28250.75300
 142         28580.03500
 143         28911.60200
 144         29245.47900
 145         29581.68800
 146         29920.25400
 147         30261.20100
 148         30604.55400
 149         30950.33800
 150         31298.57700
 151         31649.29700
 152         32002.52300
 153         32358.28200
 154         32716.59900
 155         33077.50000
 156         33441.01200
 157         33807.16200
 158         34175.97700
 159         34547.48400
 160         34921.71100
 161         35298.68500
 162         35678.43500
 163         36060.98700
 164         36446.37200
 165         36834.61800
 166         37225.75300
 167         37619.80700
 168         38016.80900
 169         38416.78900
 170         38819.77700
 171         39225.80300
 172         39634.89700
 173         40047.09000
 174         40462.41200
 175         40880.89600
 176         41302.57100
 177         41727.47000
 178         42155.62500
 179         42587.06700
 180         43021.82900
 181         43459.94400
 182         43901.44400
 183         44346.36200
 184         44794.73200
 185         45246.58600
 186         45701.96000
 187         46160.88700
 188         46623.40100
 189         47089.53700
 190         47559.32900
 191         48032.81300
 192         48510.02400
 193         48990.99800
 194         49475.77000
 195         49964.37600
 196         50456.85400
 197         50953.23900
 198         51453.56800
 199         51957.87900
 200         52466.21000
 201         52978.59700
 202         53495.07800
 203         54015.69300
 204         54540.48000
 205         55069.47600
 206         55602.72300
 207         56140.25800
 208         56682.12200
 209         57228.35500
 210         57778.99600
 211         58334.08700
 212         58893.66800
 213         59457.78100
 214         60026.46600
 215         60599.76600
 216         61177.72300
 217         61760.37900
 218         62347.77600
 219         62939.95800
 220         63536.96800
 221         64138.85000
 222         64745.64700
 223         65357.40400
 224         65974.16600
 225         66595.97600
 226         67222.88100
 227         67854.92600
 228         68492.15700
 229         69134.62000
 230         69782.36200
 231         70435.42900
 232         71093.86900
 233         71757.72900
 234         72427.05800
 235         73101.90300
 236         73782.31400
 237         74468.33800
 238         75160.02700
 239         75857.42900
 240         76560.59400
 241         77269.57300
 242         77984.41700
 243         78705.17700
 244         79431.90400
 245         80164.65100
 246         80903.46900
 247         81648.41200
 248         82399.53300
 249         83156.88400
 250         83920.52100
 251         84690.49700
 252         85466.86700
 253         86249.68700
 254         87039.01100
 255         87834.89500
 256         88637.39600
 257         89446.57100
 258         90262.47700
 259         91085.17100
 260         91914.71200
 261         92751.15700
 262         93594.56600
 263         94444.99800
 264         95302.51300
 265         96167.17100
 266         97039.03200
 267         97918.15800
 268         98804.61100
 269         99698.45100
 270        100599.74000
 271        101508.55000
 272        102424.93000
 273        103348.95000
 274        104280.68000
 275        105220.18000
 276        106167.51000
 277        107122.74000
 278        108085.94000
 279        109057.18000
 280        110036.51000
 281        111024.02000
 282        112019.76000
 283        113023.81000
 284        114036.23000
 285        115057.10000
 286        116086.48000
 287        117124.45000
 288        118171.08000
 289        119226.43000
 290        120290.59000
 291        121363.62000
 292        122445.60000
 293        123536.60000
 294        124636.70000
 295        125745.96000
 296        126864.48000
 297        127992.32000
 298        129129.56000
 299        130276.27000
 300        131432.54000
 301        132598.45000
 302        133774.06000
 303        134959.47000
 304        136154.75000
 305        137359.99000
 306        138575.26000
 307        139800.65000
 308        141036.23000
 309        142282.10000
 310        143538.34000
 311        144805.02000
 312        146082.24000
 313        147370.09000
 314        148668.64000
 315        149977.99000
 316        151298.21000
 317        152629.41000
 318        153971.67000
 319        155325.08000
 320        156689.73000
 321        158065.70000
 322        159453.10000
 323        160852.01000
 324        162262.53000
 325        163684.75000
 326        165118.76000
 327        166564.67000
 328        168022.55000
 329        169492.52000
 330        170974.67000
 331        172469.09000
 332        173975.89000
 333        175495.16000
 334        177027.00000
 335        178571.51000
 336        180128.81000
 337        181698.97000
 338        183282.12000
 339        184878.35000
 340        186487.77000
 341        188110.48000
 342        189746.59000
 343        191396.21000
 344        193059.43000
 345        194736.38000
 346        196427.16000
 347        198131.87000
 348        199850.64000
 349        201583.56000
 350        203330.76000
 351        205092.35000
 352        206868.43000
 353        208659.13000
 354        210464.55000
 355        212284.82000
 356        214120.06000
 357        215970.37000
 358        217835.88000
 359        219716.71000
 360        221612.98000
 361        223524.81000
 362        225452.32000
 363        227395.64000
 364        229354.88000
 365        231330.18000
 366        233321.66000
 367        235329.45000
 368        237353.66000
 369        239394.44000
 370        241451.91000
 371        243526.20000
 372        245617.45000
 373        247725.77000
 374        249851.32000
 375        251994.21000
 376        254154.60000
 377        256332.60000
 378        258528.36000
 379        260742.02000
 380        262973.72000
 381        265223.59000
 382        267491.77000
 383        269778.42000
 384        272083.66000
 385        274407.65000
 386        276750.52000
 387        279112.43000
 388        281493.53000
 389        283893.95000
 390        286313.85000
 391        288753.37000
 392        291212.68000
 393        293691.92000
 394        296191.24000
 395        298710.80000
 396        301250.75000
 397        303811.25000
 398        306392.46000
 399        308994.53000
 400        311617.63000
 401        314261.92000
 402        316927.56000
 403        319614.70000
 404        322323.52000
 405        325054.18000
 406        327806.85000
 407        330581.69000
 408        333378.88000
 409        336198.58000
 410        339040.96000
 411        341906.20000
 412        344794.47000
 413        347705.95000
 414        350640.81000
 415        353599.22000
 416        356581.37000
 417        359587.44000
 418        362617.60000
 419        365672.04000
 420        368750.95000
 421        371854.50000
 422        374982.88000
 423        378136.28000
 424        381314.90000
 425        384518.90000
 426        387748.50000
 427        391003.88000
 428        394285.24000
 429        397592.76000
 430        400926.65000
 431        404287.11000
 432        407674.33000
 433        411088.51000
 434        414529.86000
 435        417998.57000
 436        421494.86000
 437        425018.93000
 438        428570.98000
 439        432151.23000
 440        435759.88000
 441        439397.15000
 442        443063.25000
 443        446758.39000
 444        450482.80000
 445        454236.68000
 446        458020.25000
 447        461833.75000
 448        465677.38000
 449        469551.37000
 450        473455.95000
 451        477391.35000
 452        481357.78000
 453        485355.49000
 454        489384.69000
 455        493445.63000
 456        497538.54000
 457        501663.65000
 458        505821.20000
 459        510011.44000
 460        514234.59000
 461        518490.90000
 462        522780.62000
 463        527103.99000
 464        531461.26000
 465        535852.67000
 466        540278.49000
 467        544738.95000
 468        549234.31000
 469        553764.83000
 470        558330.77000
 471        562932.38000
 472        567569.92000
 473        572243.66000
 474        576953.86000
 475        581700.79000
 476        586484.70000
 477        591305.89000
 478        596164.60000
 479        601061.12000
 480        605995.72000
 481        610968.68000
 482        615980.27000
 483        621030.78000
 484        626120.48000
 485        631249.67000
 486        636418.62000
 487        641627.63000
 488        646876.98000
 489        652166.97000
 490        657497.88000
 491        662870.02000
 492        668283.67000
 493        673739.15000
 494        679236.75000
 495        684776.77000
 496        690359.51000
 497        695985.30000
 498        701654.42000
 499        707367.21000
 500        713123.96000
 501        718924.99000
 502        724770.62000
 503        730661.18000
 504        736596.97000
 505        742578.33000
 506        748605.57000
 507        754679.04000
 508        760799.05000
 509        766965.94000
 510        773180.04000
 511        779441.68000
 512        785751.22000
 513        792108.98000
 514        798515.31000
 515        804970.56000
 516        811475.06000
 517        818029.18000
 518        824633.26000
 519        831287.66000
 520        837992.73000
 521        844748.83000
 522        851556.32000
 523        858415.57000
 524        865326.93000
 525        872290.78000
 526        879307.50000
 527        886377.44000
 528        893500.98000
 529        900678.51000
 530        907910.40000
 531        915197.03000
 532        922538.79000
 533        929936.07000
 534        937389.25000
 535        944898.73000
 536        952464.90000
 537        960088.15000
 538        967768.89000
 539        975507.52000
 540        983304.45000
 541        991160.07000
 542        999074.80000
 543       1007049.10000
 544       1015083.30000
 545       1023177.80000
 546       1031333.10000
 547       1039549.60000
 548       1047827.80000
 549       1056168.00000
 550       1064570.60000
 551       1073036.20000
 552       1081565.20000
 553       1090157.90000
 554       1098814.80000
 555       1107536.50000
 556       1116323.20000
 557       1125175.60000
 558       1134093.90000
 559       1143078.80000
 560       1152130.50000
 561       1161249.70000
 562       1170436.80000
 563       1179692.10000
 564       1189016.30000
 565       1198409.80000
 566       1207873.00000
 567       1217406.40000
 568       1227010.60000
 569       1236686.00000
 570       1246433.00000
 571       1256252.20000
 572       1266144.10000
 573       1276109.20000
 574       1286147.90000
 575       1296260.80000
 576       1306448.30000
 577       1316711.10000
 578       1327049.60000
 579       1337464.20000
 580       1347955.70000
 581       1358524.30000
 582       1369170.80000
 583       1379895.50000
 584       1390699.10000
 585       1401582.10000
 586       1412545.00000
 587       1423588.40000
 588       1434712.70000
 589       1445918.60000
 590       1457206.70000
 591       1468577.30000
 592       1480031.20000
 593       1491568.90000
 594       1503190.90000
 595       1514897.80000
 596       1526690.20000
 597       1538568.70000
 598       1550533.80000
 599       1562586.20000
 600       1574726.30000
 601       1586954.90000
 602       1599272.40000
 603       1611679.50000
 604       1624176.80000
 605       1636765.00000
 606       1649444.50000
 607       1662216.00000
 608       1675080.20000
 609       1688037.60000
 610       1701088.90000
 611       1714234.70000
 612       1727475.60000
 613       1740812.30000
 614       1754245.30000
 615       1767775.50000
 616       1781403.30000
 617       1795129.40000
 618       1808954.60000
 619       1822879.40000
 620       1836904.50000
 621       1851030.60000
 622       1865258.30000
 623       1879588.30000
 624       1894021.40000
 625       1908558.10000
 626       1923199.20000
 627       1937945.30000
 628       1952797.20000
 629       1967755.60000
 630       1982821.10000
 631       1997994.40000
 632       2013276.30000
 633       2028667.50000
 634       2044168.60000
 635       2059780.50000
 636       2075503.90000
 637       2091339.40000
 638       2107287.80000
 639       2123349.90000
 640       2139526.40000
 641       2155818.00000
 642       2172225.60000
 643       2188749.80000
 644       2205391.40000
 645       2222151.20000
 646       2239030.00000
 647       2256028.60000
 648       2273147.60000
 649       2290387.90000
 650       2307750.40000
 651       2325235.70000
 652       2342844.70000
 653       2360578.20000
 654       2378437.10000
 655       2396422.00000
 656       2414533.80000
 657       2432773.40000
 658       2451141.60000
 659       2469639.30000
 660       2488267.10000
 661       2507026.10000
 662       2525917.00000
 663       2544940.70000
 664       2564098.00000
 665       2583389.90000
 666       2602817.10000
 667       2622380.60000
 668       2642081.20000
 669       2661919.90000
 670       2681897.40000
 671       2702014.70000
 672       2722272.80000
 673       2742672.40000
 674       2763214.50000
 675       2783900.00000
 676       2804729.90000
 677       2825705.00000
 678       2846826.30000
 679       2868094.70000
 680       2889511.20000
 681       2911076.70000
 682       2932792.10000
 683       2954658.50000
 684       2976676.70000
 685       2998847.80000
 686       3021172.60000
 687       3043652.30000
 688       3066287.80000
 689       3089080.00000
 690       3112030.00000
 691       3135138.70000
 692       3158407.30000
 693       3181836.60000
 694       3205427.70000
 695       3229181.60000
 696       3253099.40000
 697       3277182.10000
 698       3301430.70000
 699       3325846.30000
 700       3350429.90000
 701       3375182.60000
 702       3400105.50000
 703       3425199.60000
 704       3450466.00000
 705       3475905.80000
 706       3501520.10000
 707       3527310.00000
 708       3553276.50000
 709       3579420.80000
 710       3605744.10000
 711       3632247.30000
 712       3658931.80000
 713       3685798.50000
 714       3712848.60000
 715       3740083.30000
 716       3767503.70000
 717       3795111.00000
 718       3822906.40000
 719       3850890.90000
 720       3879065.90000
 721       3907432.50000
 722       3935991.80000
 723       3964745.20000
 724       3993693.70000
 725       4022838.60000
 726       4052181.10000
 727       4081722.50000
 728       4111463.90000
 729       4141406.70000
 730       4171552.00000
 731       4201901.20000
 732       4232455.40000
 733       4263215.90000
 734       4294184.10000
 735       4325361.20000
 736       4356748.40000
 737       4388347.20000
 738       4420158.70000
 739       4452184.30000
 740       4484425.40000
 741       4516883.10000
 742       4549559.00000
 743       4582454.30000
 744       4615570.30000
 745       4648908.40000
 746       4682470.00000
 747       4716256.50000
 748       4750269.10000
 749       4784509.40000
 750       4818978.70000
 751       4853678.40000
 752       4888609.90000
 753       4923774.60000
 754       4959173.90000
 755       4994809.30000
 756       5030682.20000
 757       5066794.10000
 758       5103146.40000
 759       5139740.60000
 760       5176578.10000
 761       5213660.40000
 762       5250989.10000
 763       5288565.50000
 764       5326391.30000
 765       5364467.80000
 766       5402796.80000
 767       5441379.50000
 768       5480217.70000
 769       5519312.80000
 770       5558666.40000
 771       5598280.10000
 772       5638155.40000
 773       5678293.80000
 774       5718697.10000
 775       5759366.80000
 776       5800304.40000
 777       5841511.70000
 778       5882990.10000
 779       5924741.40000
 780       5966767.20000
 781       6009069.20000
 782       6051648.90000
 783       6094508.00000
 784       6137648.30000
 785       6181071.50000
 786       6224779.10000
 787       6268772.90000
 788       6313054.60000
 789       6357626.00000
 790       6402488.70000
 791       6447644.50000
 792       6493095.20000
 793       6538842.50000
 794       6584888.10000
 795       6631233.90000
 796       6677881.60000
 797       6724833.00000
 798       6772090.00000
 799       6819654.30000
 800       6867527.80000
 801       6915712.20000
 802       6964209.50000
 803       7013021.50000
 804       7062150.00000
 805       7111597.00000
 806       7161364.20000
 807       7211453.70000
 808       7261867.20000
 809       7312606.80000
 810       7363674.30000
 811       7415071.60000
 812       7466800.80000
 813       7518863.70000
 814       7571262.40000
 815       7623998.70000
 816       7677074.70000
 817       7730492.40000
 818       7784253.80000
 819       7838360.80000
 820       7892815.60000
 821       7947620.10000
 822       8002776.50000
 823       8058286.70000
 824       8114152.80000
 825       8170376.90000
 826       8226961.10000
 827       8283907.60000
 828       8341218.30000
 829       8398895.50000
 830       8456941.20000
 831       8515357.70000
 832       8574147.00000
 833       8633311.40000
 834       8692852.90000
 835       8752773.90000
 836       8813076.50000
 837       8873762.90000
 838       8934835.40000
 839       8996296.20000
 840       9058147.50000
 841       9120391.50000
 842       9183030.70000
 843       9246067.20000
 844       9309503.30000
 845       9373341.40000
 846       9437583.80000
 847       9502232.70000
 848       9567290.60000
 849       9632759.80000
 850       9698642.60000
 851       9764941.50000
 852       9831658.90000
 853       9898797.10000
 854       9966358.50000
 855      10034346.00000
 856      10102761.00000
 857      10171607.00000
 858      10240885.00000
 859      10310600.00000
 860      10380752.00000
 861      10451345.00000
 862      10522381.00000
 863      10593863.00000
 864      10665792.00000
 865      10738173.00000
 866      10811006.00000
 867      10884295.00000
 868      10958043.00000
 869      11032252.00000
 870      11106924.00000
 871      11182063.00000
 872      11257671.00000
 873      11333750.00000
 874      11410303.00000
 875      11487334.00000
 876      11564844.00000
 877      11642836.00000
 878      11721314.00000
 879      11800279.00000
 880      11879735.00000
 881      11959685.00000
 882      12040130.00000
 883      12121075.00000
 884      12202521.00000
 885      12284472.00000
 886      12366930.00000
 887      12449899.00000
 888      12533381.00000
 889      12617378.00000
 890      12701895.00000
 891      12786934.00000
 892      12872498.00000
 893      12958589.00000
 894      13045211.00000
 895      13132366.00000
 896      13220059.00000
 897      13308291.00000
 898      13397065.00000
 899      13486386.00000
 900      13576255.00000
 901      13666676.00000
 902      13757652.00000
 903      13849186.00000
 904      13941281.00000
 905      14033941.00000
 906      14127167.00000
 907      14220965.00000
 908      14315336.00000
 909      14410284.00000
 910      14505812.00000
 911      14601923.00000
 912      14698621.00000
 913      14795909.00000
 914      14893790.00000
 915      14992267.00000
 916      15091344.00000
 917      15191024.00000
 918      15291310.00000
 919      15392206.00000
 920      15493715.00000
 921      15595841.00000
 922      15698586.00000
 923      15801955.00000
 924      15905950.00000
 925      16010575.00000
 926      16115834.00000
 927      16221730.00000
 928      16328267.00000
 929      16435448.00000
 930      16543276.00000
 931      16651756.00000
 932      16760890.00000
 933      16870683.00000
 934      16981137.00000
 935      17092258.00000
 936      17204047.00000
 937      17316509.00000
 938      17429648.00000
 939      17543468.00000
 940      17657971.00000
 941      17773162.00000
 942      17889044.00000
 943      18005622.00000
 944      18122898.00000
 945      18240878.00000
 946      18359564.00000
 947      18478960.00000
 948      18599071.00000
 949      18719900.00000
 950      18841451.00000
 951      18963728.00000
 952      19086735.00000
 953      19210477.00000
 954      19334955.00000
 955      19460176.00000
 956      19586143.00000
 957      19712860.00000
 958      19840331.00000
 959      19968559.00000
 960      20097550.00000
 961      20227307.00000
 962      20357835.00000
 963      20489137.00000
 964      20621218.00000
 965      20754081.00000
 966      20887732.00000
 967      21022174.00000
 968      21157412.00000
 969      21293450.00000
 970      21430291.00000
 971      21567941.00000
 972      21706404.00000
 973      21845684.00000
 974      21985786.00000
 975      22126714.00000
 976      22268472.00000
 977      22411064.00000
 978      22554496.00000
 979      22698772.00000
 980      22843895.00000
 981      22989872.00000
 982      23136706.00000
 983      23284401.00000
 984      23432964.00000
 985      23582397.00000
 986      23732705.00000
 987      23883895.00000
 988      24035969.00000
 989      24188932.00000
 990      24342791.00000
 991      24497548.00000
 992      24653209.00000
 993      24809779.00000
 994      24967263.00000
 995      25125665.00000
 996      25284990.00000
 997      25445243.00000
 998      25606429.00000
 999      25768553.00000
1000      25931620.00000
1001      26095635.00000
1002      26260602.00000
1003      26426527.00000
1004      26593416.00000
1005      26761272.00000
1006      26930101.00000
1007      27099908.00000
1008      27270699.00000
1009      27442478.00000
1010      27615251.00000
1011      27789022.00000
1012      27963798.00000
1013      28139582.00000
1014      28316382.00000
1015      28494201.00000
1016      28673046.00000
1017      28852921.00000
1018      29033832.00000
1019      29215785.00000
1020      29398784.00000
1021      29582836.00000
1022      29767945.00000
1023      29954118.00000
1024      30141360.00000
1025      30329675.00000
1026      30519071.00000
1027      30709552.00000
1028      30901125.00000
1029      31093794.00000
1030      31287566.00000
1031      31482446.00000
1032      31678441.00000
1033      31875554.00000
1034      32073794.00000
1035      32273165.00000
1036      32473673.00000
1037      32675324.00000
1038      32878124.00000
1039      33082079.00000
1040      33287195.00000
1041      33493478.00000
1042      33700934.00000
1043      33909569.00000
1044      34119389.00000
1045      34330399.00000
1046      34542607.00000
1047      34756019.00000
1048      34970640.00000
1049      35186476.00000
1050      35403535.00000
1051      35621822.00000
1052      35841344.00000
1053      36062106.00000
1054      36284116.00000
1055      36507379.00000
1056      36731902.00000
1057      36957692.00000
1058      37184754.00000
1059      37413096.00000
1060      37642724.00000
1061      37873644.00000
1062      38105864.00000
1063      38339389.00000
1064      38574227.00000
1065      38810383.00000
1066      39047866.00000
1067      39286680.00000
1068      39526834.00000
1069      39768334.00000
1070      40011187.00000
1071      40255400.00000
1072      40500979.00000
1073      40747932.00000
1074      40996265.00000
1075      41245985.00000
1076      41497101.00000
1077      41749617.00000
1078      42003543.00000
1079      42258884.00000
1080      42515647.00000
1081      42773841.00000
1082      43033473.00000
1083      43294548.00000
1084      43557076.00000
1085      43821062.00000
1086      44086515.00000
1087      44353442.00000
1088      44621849.00000
1089      44891746.00000
1090      45163138.00000
1091      45436034.00000
1092      45710442.00000
1093      45986368.00000
1094      46263820.00000
1095      46542806.00000
1096      46823334.00000
1097      47105411.00000
1098      47389045.00000
1099      47674244.00000
1100      47961015.00000
1101      48249368.00000
1102      48539308.00000
1103      48830845.00000
1104      49123986.00000
1105      49418739.00000
1106      49715112.00000
1107      50013114.00000
1108      50312752.00000
1109      50614035.00000
1110      50916970.00000
1111      51221566.00000
1112      51527832.00000
1113      51835774.00000
1114      52145403.00000
1115      52456725.00000
1116      52769750.00000
1117      53084486.00000
1118      53400941.00000
1119      53719123.00000
1120      54039042.00000
1121      54360706.00000
1122      54684124.00000
1123      55009303.00000
1124      55336254.00000
1125      55664984.00000
1126      55995502.00000
1127      56327818.00000
1128      56661939.00000
1129      56997875.00000
1130      57335635.00000
1131      57675227.00000
1132      58016661.00000
1133      58359946.00000
1134      58705091.00000
1135      59052104.00000
1136      59400996.00000
1137      59751774.00000
1138      60104450.00000
1139      60459030.00000
1140      60815526.00000
1141      61173947.00000
1142      61534300.00000
1143      61896598.00000
1144      62260847.00000
1145      62627059.00000
1146      62995243.00000
1147      63365408.00000
1148      63737564.00000
1149      64111721.00000
1150      64487888.00000
1151      64866075.00000
1152      65246292.00000
1153      65628549.00000
1154      66012855.00000
1155      66399221.00000
1156      66787657.00000
1157      67178172.00000
1158      67570777.00000
1159      67965482.00000
1160      68362296.00000
1161      68761231.00000
1162      69162296.00000
1163      69565502.00000
1164      69970858.00000
1165      70378376.00000
1166      70788066.00000
1167      71199938.00000
1168      71614002.00000
1169      72030270.00000
1170      72448752.00000
1171      72869458.00000
1172      73292399.00000
1173      73717586.00000
1174      74145030.00000
1175      74574741.00000
1176      75006731.00000
1177      75441010.00000
1178      75877589.00000
1179      76316479.00000
1180      76757692.00000
1181      77201238.00000
1182      77647128.00000
1183      78095374.00000
1184      78545988.00000
1185      78998979.00000
1186      79454360.00000
1187      79912142.00000
1188      80372337.00000
1189      80834955.00000
1190      81300009.00000
1191      81767510.00000
1192      82237470.00000
1193      82709900.00000
1194      83184812.00000
1195      83662217.00000
1196      84142129.00000
1197      84624558.00000
1198      85109517.00000
1199      85597017.00000
1200      86087070.00000
1201      86579689.00000
1202      87074886.00000
1203      87572673.00000
1204      88073061.00000
1205      88576065.00000
1206      89081695.00000
1207      89589964.00000
1208      90100884.00000
1209      90614469.00000
1210      91130730.00000
1211      91649681.00000
1212      92171333.00000
1213      92695700.00000
1214      93222794.00000
1215      93752628.00000
1216      94285216.00000
1217      94820569.00000
1218      95358701.00000
1219      95899625.00000
1220      96443354.00000
1221      96989901.00000
1222      97539279.00000
1223      98091502.00000
1224      98646582.00000
1225      99204534.00000
1226      99765371.00000
1227     100329110.00000
1228     100895750.00000
1229     101465320.00000
1230     102037830.00000
1231     102613300.00000
1232     103191720.00000
1233     103773130.00000
1234     104357540.00000
1235     104944950.00000
1236     105535380.00000
1237     106128850.00000
1238     106725360.00000
1239     107324950.00000
1240     107927610.00000
1241     108533360.00000
1242     109142220.00000
1243     109754200.00000
1244     110369320.00000
1245     110987580.00000
1246     111609010.00000
1247     112233630.00000
1248     112861430.00000
1249     113492440.00000
1250     114126680.00000
1251     114764160.00000
1252     115404890.00000
1253     116048880.00000
1254     116696160.00000
1255     117346740.00000
1256     118000640.00000
1257     118657860.00000
1258     119318420.00000
1259     119982350.00000
1260     120649650.00000
1261     121320340.00000
1262     121994440.00000
1263     122671960.00000
1264     123352920.00000
1265     124037320.00000
1266     124725200.00000
1267     125416570.00000
1268     126111430.00000
1269     126809810.00000
1270     127511720.00000
1271     128217180.00000
1272     128926210.00000
1273     129638820.00000
1274     130355020.00000
1275     131074840.00000
1276     131798290.00000
1277     132525390.00000
1278     133256150.00000
1279     133990590.00000
1280     134728730.00000
1281     135470580.00000
1282     136216160.00000
1283     136965490.00000
1284     137718580.00000
1285     138475460.00000
1286     139236130.00000
1287     140000620.00000
1288     140768950.00000
1289     141541120.00000
1290     142317160.00000
1291     143097090.00000
1292     143880920.00000
1293     144668670.00000
1294     145460360.00000
1295     146256000.00000
1296     147055620.00000
1297     147859230.00000
1298     148666850.00000
1299     149478490.00000
1300     150294190.00000
1301     151113940.00000
1302     151937780.00000
1303     152765720.00000
1304     153597780.00000
1305     154433980.00000
1306     155274330.00000
1307     156118860.00000
1308     156967580.00000
1309     157820520.00000
1310     158677680.00000
1311     159539090.00000
1312     160404780.00000
1313     161274750.00000
1314     162149030.00000
1315     163027630.00000
1316     163910580.00000
1317     164797900.00000
1318     165689600.00000
1319     166585710.00000
1320     167486240.00000
1321     168391210.00000
1322     169300640.00000
1323     170214560.00000
1324     171132980.00000
1325     172055930.00000
1326     172983420.00000
1327     173915470.00000
1328     174852100.00000
1329     175793340.00000
1330     176739210.00000
1331     177689710.00000
1332     178644890.00000
1333     179604750.00000
1334     180569310.00000
1335     181538610.00000
1336     182512650.00000
1337     183491460.00000
1338     184475060.00000
1339     185463470.00000
1340     186456720.00000
1341     187454820.00000
1342     188457800.00000
1343     189465670.00000
1344     190478460.00000
1345     191496190.00000
1346     192518880.00000
1347     193546560.00000
1348     194579240.00000
1349     195616950.00000
1350     196659710.00000
1351     197707550.00000
1352     198760470.00000
1353     199818510.00000
1354     200881690.00000
1355     201950040.00000
1356     203023560.00000
1357     204102300.00000
1358     205186260.00000
1359     206275470.00000
1360     207369960.00000
1361     208469750.00000
1362     209574860.00000
1363     210685310.00000
1364     211801130.00000
1365     212922340.00000
1366     214048970.00000
1367     215181030.00000
1368     216318560.00000
1369     217461570.00000
1370     218610090.00000
1371     219764150.00000
1372     220923760.00000
1373     222088960.00000
1374     223259760.00000
1375     224436190.00000
1376     225618270.00000
1377     226806030.00000
1378     227999500.00000
1379     229198700.00000
1380     230403640.00000
1381     231614370.00000
1382     232830900.00000
1383     234053260.00000
1384     235281470.00000
1385     236515550.00000
1386     237755550.00000
1387     239001470.00000
1388     240253340.00000
1389     241511200.00000
1390     242775060.00000
1391     244044960.00000
1392     245320910.00000
1393     246602940.00000
1394     247891090.00000
1395     249185370.00000
1396     250485820.00000
1397     251792450.00000
1398     253105300.00000
1399     254424390.00000
1400     255749750.00000
1401     257081410.00000
1402     258419390.00000
1403     259763720.00000
1404     261114430.00000
1405     262471540.00000
1406     263835080.00000
1407     265205080.00000
1408     266581570.00000
1409     267964570.00000
1410     269354120.00000
1411     270750230.00000
1412     272152940.00000
1413     273562280.00000
1414     274978270.00000
1415     276400950.00000
1416     277830340.00000
1417     279266460.00000
1418     280709360.00000
1419     282159050.00000
1420     283615570.00000
1421     285078940.00000
1422     286549190.00000
1423     288026360.00000
1424     289510470.00000
1425     291001550.00000
1426     292499640.00000
1427     294004750.00000
1428     295516930.00000
1429     297036190.00000
1430     298562580.00000
1431     300096110.00000
1432     301636830.00000
1433     303184750.00000
1434     304739920.00000
1435     306302360.00000
1436     307872100.00000
1437     309449180.00000
1438     311033610.00000
1439     312625450.00000
1440     314224710.00000
1441     315831420.00000
1442     317445630.00000
1443     319067350.00000
1444     320696630.00000
1445     322333490.00000
1446     323977960.00000
1447     325630080.00000
1448     327289880.00000
1449     328957400.00000
1450     330632650.00000
1451     332315680.00000
1452     334006520.00000
1453     335705200.00000
1454     337411750.00000
1455     339126210.00000
1456     340848610.00000
1457     342578980.00000
1458     344317360.00000
1459     346063770.00000
1460     347818260.00000
1461     349580850.00000
1462     351351590.00000
1463     353130500.00000
1464     354917610.00000
1465     356712970.00000
1466     358516610.00000
1467     360328550.00000
1468     362148840.00000
1469     363977510.00000
1470     365814590.00000
1471     367660120.00000
1472     369514140.00000
1473     371376680.00000
1474     373247770.00000
1475     375127450.00000
1476     377015750.00000
1477     378912720.00000
1478     380818380.00000
1479     382732780.00000
1480     384655950.00000
1481     386587920.00000
1482     388528730.00000
1483     390478420.00000
1484     392437020.00000
1485     394404570.00000
1486     396381120.00000
1487     398366680.00000
1488     400361310.00000
1489     402365040.00000
1490     404377900.00000
1491     406399940.00000
1492     408431190.00000
1493     410471690.00000
1494     412521470.00000
1495     414580590.00000
1496     416649060.00000
1497     418726940.00000
1498     420814260.00000
1499     422911050.00000
1500     425017370.00000
1501     427133240.00000
1502     429258700.00000
1503     431393810.00000
1504     433538580.00000
1505     435693070.00000
1506     437857310.00000
1507     440031350.00000
1508     442215220.00000
1509     444408960.00000
1510     446612610.00000
1511     448826220.00000
1512     451049820.00000
1513     453283460.00000
1514     455527170.00000
1515     457781000.00000
1516     460044980.00000
1517     462319170.00000
1518     464603590.00000
1519     466898290.00000
1520     469203320.00000
1521     471518710.00000
1522     473844510.00000
1523     476180760.00000
1524     478527500.00000
1525     480884770.00000
1526     483252620.00000
1527     485631090.00000
1528     488020220.00000
1529     490420050.00000
1530     492830630.00000
1531     495252010.00000
1532     497684210.00000
1533     500127300.00000
1534     502581310.00000
1535     505046280.00000
1536     507522260.00000
1537     510009300.00000
1538     512507440.00000
1539     515016720.00000
1540     517537190.00000
1541     520068890.00000
1542     522611870.00000
1543     525166170.00000
1544     527731850.00000
1545     530308930.00000
1546     532897480.00000
1547     535497530.00000
1548     538109130.00000
1549     540732340.00000
1550     543367180.00000
1551     546013720.00000
1552     548671990.00000
1553     551342050.00000
1554     554023940.00000
1555     556717710.00000
1556     559423410.00000
1557     562141080.00000
1558     564870760.00000
1559     567612520.00000
1560     570366400.00000
1561     573132440.00000
1562     575910690.00000
1563     578701210.00000
1564     581504040.00000
1565     584319230.00000
1566     587146820.00000
1567     589986880.00000
1568     592839440.00000
1569     595704560.00000
1570     598582280.00000
1571     601472660.00000
1572     604375750.00000
1573     607291600.00000
1574     610220250.00000
1575     613161760.00000
1576     616116180.00000
1577     619083560.00000
1578     622063950.00000
1579     625057400.00000
1580     628063970.00000
1581     631083700.00000
1582     634116650.00000
1583     637162870.00000
1584     640222410.00000
1585     643295320.00000
1586     646381660.00000
1587     649481480.00000
1588     652594840.00000
1589     655721780.00000
1590     658862350.00000
1591     662016620.00000
1592     665184640.00000
1593     668366450.00000
1594     671562120.00000
1595     674771700.00000
1596     677995240.00000
1597     681232800.00000
1598     684484430.00000
1599     687750190.00000
1600     691030130.00000
1601     694324310.00000
1602     697632790.00000
1603     700955610.00000
1604     704292840.00000
1605     707644530.00000
1606     711010730.00000
1607     714391520.00000
1608     717786930.00000
1609     721197030.00000
1610     724621880.00000
1611     728061530.00000
1612     731516040.00000
1613     734985470.00000
1614     738469870.00000
1615     741969310.00000
1616     745483840.00000
1617     749013520.00000
1618     752558420.00000
1619     756118580.00000
1620     759694070.00000
1621     763284940.00000
1622     766891270.00000
1623     770513100.00000
1624     774150500.00000
1625     777803520.00000
1626     781472230.00000
1627     785156690.00000
1628     788856960.00000
1629     792573100.00000
1630     796305170.00000
1631     800053230.00000
1632     803817340.00000
1633     807597570.00000
1634     811393980.00000
1635     815206630.00000
1636     819035580.00000
1637     822880900.00000
1638     826742650.00000
1639     830620890.00000
1640     834515680.00000
1641     838427090.00000
1642     842355180.00000
1643     846300020.00000
1644     850261670.00000
1645     854240190.00000
1646     858235660.00000
1647     862248120.00000
1648     866277660.00000
1649     870324330.00000
1650     874388200.00000
1651     878469340.00000
1652     882567810.00000
1653     886683680.00000
1654     890817010.00000
1655     894967880.00000
1656     899136340.00000
1657     903322470.00000
1658     907526330.00000
1659     911747990.00000
1660     915987510.00000
1661     920244980.00000
1662     924520440.00000
1663     928813990.00000
1664     933125670.00000
1665     937455560.00000
1666     941803730.00000
1667     946170250.00000
1668     950555190.00000
1669     954958620.00000
1670     959380600.00000
1671     963821220.00000
1672     968280530.00000
1673     972758610.00000
1674     977255540.00000
1675     981771380.00000
1676     986306200.00000
1677     990860080.00000
1678     995433080.00000
1679    1000025300.00000
1680    1004636800.00000
1681    1009267600.00000
1682    1013917800.00000
1683    1018587600.00000
1684    1023276900.00000
1685    1027985800.00000
1686    1032714400.00000
1687    1037462900.00000
1688    1042231200.00000
1689    1047019400.00000
1690    1051827700.00000
1691    1056656000.00000
1692    1061504500.00000
1693    1066373200.00000
1694    1071262200.00000
1695    1076171700.00000
1696    1081101600.00000
1697    1086052000.00000
1698    1091023100.00000
1699    1096014800.00000
1700    1101027400.00000
1701    1106060700.00000
1702    1111115100.00000
1703    1116190400.00000
1704    1121286800.00000
1705    1126404400.00000
1706    1131543200.00000
1707    1136703300.00000
1708    1141884900.00000
1709    1147087900.00000
1710    1152312500.00000
1711    1157558700.00000
1712    1162826700.00000
1713    1168116400.00000
1714    1173428100.00000
1715    1178761700.00000
1716    1184117400.00000
1717    1189495200.00000
1718    1194895200.00000
1719    1200317500.00000
1720    1205762200.00000
1721    1211229300.00000
1722    1216719000.00000
1723    1222231400.00000
1724    1227766400.00000
1725    1233324200.00000
1726    1238905000.00000
1727    1244508600.00000
1728    1250135400.00000
1729    1255785200.00000
1730    1261458300.00000
1731    1267154700.00000
1732    1272874500.00000
1733    1278617800.00000
1734    1284384600.00000
1735    1290175100.00000
1736    1295989300.00000
1737    1301827400.00000
1738    1307689400.00000
1739    1313575400.00000
1740    1319485400.00000
1741    1325419700.00000
1742    1331378200.00000
1743    1337361100.00000
1744    1343368400.00000
1745    1349400300.00000
1746    1355456800.00000
1747    1361538000.00000
1748    1367644000.00000
1749    1373775000.00000
1750    1379930900.00000
1751    1386111900.00000
1752    1392318100.00000
1753    1398549500.00000
1754    1404806300.00000
1755    1411088600.00000
1756    1417396400.00000
1757    1423729800.00000
1758    1430089000.00000
1759    1436474000.00000
1760    1442884900.00000
1761    1449321900.00000
1762    1455784900.00000
1763    1462274200.00000
1764    1468789800.00000
1765    1475331700.00000
1766    1481900200.00000
1767    1488495200.00000
1768    1495116900.00000
1769    1501765500.00000
1770    1508440900.00000
1771    1515143200.00000
1772    1521872700.00000
1773    1528629300.00000
1774    1535413200.00000
1775    1542224500.00000
1776    1549063200.00000
1777    1555929500.00000
1778    1562823500.00000
1779    1569745300.00000
1780    1576694900.00000
1781    1583672500.00000
1782    1590678200.00000
1783    1597712000.00000
1784    1604774200.00000
1785    1611864700.00000
1786    1618983700.00000
1787    1626131200.00000
1788    1633307500.00000
1789    1640512600.00000
1790    1647746500.00000
1791    1655009500.00000
1792    1662301500.00000
1793    1669622800.00000
1794    1676973400.00000
1795    1684353400.00000
1796    1691762900.00000
1797    1699202100.00000
1798    1706671000.00000
1799    1714169700.00000
1800    1721698400.00000
1801    1729257200.00000
1802    1736846100.00000
1803    1744465300.00000
1804    1752114900.00000
1805    1759795000.00000
1806    1767505600.00000
1807    1775247000.00000
1808    1783019200.00000
1809    1790822400.00000
1810    1798656600.00000
1811    1806521900.00000
1812    1814418500.00000
1813    1822346500.00000
1814    1830306000.00000
1815    1838297100.00000
1816    1846319800.00000
1817    1854374500.00000
1818    1862461000.00000
1819    1870579600.00000
1820    1878730400.00000
1821    1886913500.00000
1822    1895128900.00000
1823    1903376900.00000
1824    1911657500.00000
1825    1919970900.00000
1826    1928317100.00000
1827    1936696300.00000
1828    1945108600.00000
1829    1953554000.00000
1830    1962032900.00000
1831    1970545200.00000
1832    1979091000.00000
1833    1987670500.00000
1834    1996283900.00000
1835    2004931100.00000
1836    2013612400.00000
1837    2022327900.00000
1838    2031077700.00000
1839    2039861800.00000
1840    2048680500.00000
1841    2057533900.00000
1842    2066422000.00000
1843    2075345000.00000
1844    2084303000.00000
1845    2093296200.00000
1846    2102324700.00000
1847    2111388500.00000
1848    2120487900.00000
1849    2129622900.00000
1850    2138793600.00000
1851    2148000300.00000
1852    2157242900.00000
1853    2166521800.00000
1854    2175836900.00000
1855    2185188300.00000
1856    2194576400.00000
1857    2204001000.00000
1858    2213462500.00000
1859    2222960800.00000
1860    2232496300.00000
1861    2242068800.00000
1862    2251678700.00000
1863    2261326000.00000
1864    2271010900.00000
1865    2280733500.00000
1866    2290493900.00000
1867    2300292300.00000
1868    2310128700.00000
1869    2320003400.00000
1870    2329916400.00000
1871    2339868000.00000
1872    2349858100.00000
1873    2359887000.00000
1874    2369954900.00000
1875    2380061700.00000
1876    2390207700.00000
1877    2400393000.00000
1878    2410617800.00000
1879    2420882100.00000
1880    2431186200.00000
1881    2441530100.00000
1882    2451914000.00000
1883    2462338000.00000
1884    2472802300.00000
1885    2483307000.00000
1886    2493852300.00000
1887    2504438300.00000
1888    2515065000.00000
1889    2525732800.00000
1890    2536441700.00000
1891    2547191800.00000
1892    2557983400.00000
1893    2568816400.00000
1894    2579691200.00000
1895    2590607800.00000
1896    2601566400.00000
1897    2612567100.00000
1898    2623610000.00000
1899    2634695400.00000
1900    2645823400.00000
1901    2656994000.00000
1902    2668207500.00000
1903    2679464000.00000
1904    2690763600.00000
1905    2702106600.00000
1906    2713493000.00000
1907    2724923000.00000
1908    2736396700.00000
1909    2747914300.00000
1910    2759476000.00000
1911    2771081900.00000
1912    2782732100.00000
1913    2794426800.00000
1914    2806166200.00000
1915    2817950400.00000
1916    2829779600.00000
1917    2841653800.00000
1918    2853573400.00000
1919    2865538400.00000
1920    2877548900.00000
1921    2889605200.00000
1922    2901707400.00000
1923    2913855600.00000
1924    2926050000.00000
1925    2938290900.00000
1926    2950578200.00000
1927    2962912200.00000
1928    2975293100.00000
1929    2987720900.00000
1930    3000195900.00000
1931    3012718300.00000
1932    3025288100.00000
1933    3037905600.00000
1934    3050570900.00000
1935    3063284100.00000
1936    3076045500.00000
1937    3088855200.00000
1938    3101713300.00000
1939    3114620100.00000
1940    3127575700.00000
1941    3140580200.00000
1942    3153633900.00000
1943    3166736800.00000
1944    3179889200.00000
1945    3193091200.00000
1946    3206343100.00000
1947    3219644800.00000
1948    3232996800.00000
1949    3246399000.00000
1950    3259851700.00000
1951    3273355000.00000
1952    3286909100.00000
1953    3300514300.00000
1954    3314170500.00000
1955    3327878200.00000
1956    3341637300.00000
1957    3355448100.00000
1958    3369310700.00000
1959    3383225400.00000
1960    3397192300.00000
1961    3411211500.00000
1962    3425283300.00000
1963    3439407900.00000
1964    3453585300.00000
1965    3467815800.00000
1966    3482099600.00000
1967    3496436900.00000
1968    3510827800.00000
1969    3525272400.00000
1970    3539771100.00000
1971    3554323900.00000
1972    3568931100.00000
1973    3583592800.00000
1974    3598309200.00000
1975    3613080500.00000
1976    3627906900.00000
1977    3642788500.00000
1978    3657725600.00000
1979    3672718400.00000
1980    3687766900.00000
1981    3702871500.00000
1982    3718032200.00000
1983    3733249400.00000
1984    3748523100.00000
1985    3763853500.00000
1986    3779241000.00000
1987    3794685500.00000
1988    3810187400.00000
1989    3825746800.00000
1990    3841363900.00000
1991    3857039000.00000
1992    3872772100.00000
1993    3888563500.00000
1994    3904413400.00000
1995    3920322000.00000
1996    3936289400.00000
1997    3952316000.00000
1998    3968401700.00000
1999    3984547000.00000
2000    4000751900.00000
2001    4017016700.00000
2002    4033341500.00000
2003    4049726600.00000
2004    4066172100.00000
2005    4082678300.00000
2006    4099245400.00000
2007    4115873500.00000
2008    4132562800.00000
2009    4149313700.00000
2010    4166126200.00000
2011    4183000600.00000
2012    4199937000.00000
2013    4216935700.00000
2014    4233996900.00000
2015    4251120800.00000
2016    4268307600.00000
2017    4285557600.00000
2018    4302870800.00000
2019    4320247500.00000
2020    4337688000.00000
2021    4355192400.00000
2022    4372761000.00000
2023    4390393900.00000
2024    4408091400.00000
2025    4425853700.00000
2026    4443681000.00000
2027    4461573500.00000
2028    4479531500.00000
2029    4497555100.00000
2030    4515644500.00000
2031    4533800000.00000
2032    4552021800.00000
2033    4570310200.00000
2034    4588665200.00000
2035    4607087200.00000
2036    4625576300.00000
2037    4644132900.00000
2038    4662757000.00000
2039    4681449000.00000
2040    4700209000.00000
2041    4719037300.00000
2042    4737934100.00000
2043    4756899600.00000
2044    4775934000.00000
2045    4795037600.00000
2046    4814210700.00000
2047    4833453300.00000
2048    4852765700.00000
2049    4872148300.00000
2050    4891601100.00000
2051    4911124500.00000
2052    4930718600.00000
2053    4950383700.00000
2054    4970120100.00000
2055    4989927900.00000
2056    5009807400.00000
2057    5029758800.00000
2058    5049782300.00000
2059    5069878200.00000
2060    5090046800.00000
2061    5110288200.00000
2062    5130602700.00000
2063    5150990600.00000
2064    5171452000.00000
2065    5191987200.00000
2066    5212596400.00000
2067    5233280000.00000
2068    5254038000.00000
2069    5274870800.00000
2070    5295778700.00000
2071    5316761800.00000
2072    5337820300.00000
2073    5358954700.00000
2074    5380165000.00000
2075    5401451500.00000
2076    5422814500.00000
2077    5444254200.00000
2078    5465770900.00000
2079    5487364800.00000
2080    5509036100.00000
2081    5530785200.00000
2082    5552612300.00000
2083    5574517500.00000
2084    5596501200.00000
2085    5618563700.00000
2086    5640705100.00000
2087    5662925700.00000
2088    5685225800.00000
2089    5707605700.00000
2090    5730065500.00000
2091    5752605600.00000
2092    5775226200.00000
2093    5797927600.00000
2094    5820709900.00000
2095    5843573600.00000
2096    5866518800.00000
2097    5889545800.00000
2098    5912654900.00000
2099    5935846200.00000
2100    5959120200.00000
2101    5982477100.00000
2102    6005917000.00000
2103    6029440400.00000
2104    6053047400.00000
2105    6076738300.00000
2106    6100513400.00000
2107    6124372900.00000
2108    6148317200.00000
2109    6172346500.00000
2110    6196461000.00000
2111    6220661100.00000
2112    6244947000.00000
2113    6269318900.00000
2114    6293777200.00000
2115    6318322200.00000
2116    6342954000.00000
2117    6367673100.00000
2118    6392479600.00000
2119    6417373800.00000
2120    6442356100.00000
2121    6467426600.00000
2122    6492585700.00000
2123    6517833700.00000
2124    6543170800.00000
2125    6568597300.00000
2126    6594113600.00000
2127    6619719800.00000
2128    6645416300.00000
2129    6671203300.00000
2130    6697081200.00000
2131    6723050200.00000
2132    6749110700.00000
2133    6775262800.00000
2134    6801507000.00000
2135    6827843400.00000
2136    6854272500.00000
2137    6880794400.00000
2138    6907409400.00000
2139    6934117900.00000
2140    6960920200.00000
2141    6987816500.00000
2142    7014807200.00000
2143    7041892500.00000
2144    7069072800.00000
2145    7096348200.00000
2146    7123719300.00000
2147    7151186100.00000
2148    7178749100.00000
2149    7206408600.00000
2150    7234164800.00000
2151    7262018000.00000
2152    7289968600.00000
2153    7318016900.00000
2154    7346163100.00000
2155    7374407600.00000
2156    7402750600.00000
2157    7431192600.00000
2158    7459733800.00000
2159    7488374400.00000
2160    7517114900.00000
2161    7545955500.00000
2162    7574896600.00000
2163    7603938400.00000
2164    7633081300.00000
2165    7662325600.00000
2166    7691671600.00000
2167    7721119600.00000
2168    7750670000.00000
2169    7780323000.00000
2170    7810079000.00000
2171    7839938400.00000
2172    7869901300.00000
2173    7899968200.00000
2174    7930139300.00000
2175    7960415100.00000
2176    7990795800.00000
2177    8021281700.00000
2178    8051873200.00000
2179    8082570600.00000
2180    8113374200.00000
2181    8144284400.00000
2182    8175301500.00000
2183    8206425800.00000
2184    8237657700.00000
2185    8268997500.00000
2186    8300445500.00000
2187    8332002000.00000
2188    8363667500.00000
2189    8395442200.00000
2190    8427326400.00000
2191    8459320600.00000
2192    8491425000.00000
2193    8523640000.00000
2194    8555966000.00000
2195    8588403200.00000
2196    8620952100.00000
2197    8653612900.00000
2198    8686386000.00000
2199    8719271800.00000
2200    8752270600.00000
2201    8785382800.00000
2202    8818608600.00000
2203    8851948500.00000
2204    8885402800.00000
2205    8918971900.00000
2206    8952656100.00000
2207    8986455800.00000
2208    9020371200.00000
2209    9054402900.00000
2210    9088551100.00000
2211    9122816200.00000
2212    9157198500.00000
2213    9191698400.00000
2214    9226316400.00000
2215    9261052600.00000
2216    9295907600.00000
2217    9330881600.00000
2218    9365975000.00000
2219    9401188300.00000
2220    9436521700.00000
2221    9471975600.00000
2222    9507550400.00000
2223    9543246500.00000
2224    9579064200.00000
2225    9615004000.00000
2226    9651066100.00000
2227    9687251000.00000
2228    9723559000.00000
2229    9759990500.00000
2230    9796545900.00000
2231    9833225600.00000
2232    9870029900.00000
2233    9906959200.00000
2234    9944013900.00000
2235    9981194400.00000
2236   10018501000.00000
2237   10055934000.00000
2238   10093495000.00000
2239   10131182000.00000
2240   10168997000.00000
2241   10206941000.00000
2242   10245012000.00000
2243   10283213000.00000
2244   10321543000.00000
2245   10360003000.00000
2246   10398592000.00000
2247   10437312000.00000
2248   10476163000.00000
2249   10515146000.00000
2250   10554260000.00000
2251   10593505000.00000
2252   10632884000.00000
2253   10672395000.00000
2254   10712039000.00000
2255   10751818000.00000
2256   10791730000.00000
2257   10831776000.00000
2258   10871958000.00000
2259   10912275000.00000
2260   10952727000.00000
2261   10993315000.00000
2262   11034040000.00000
2263   11074902000.00000
2264   11115902000.00000
2265   11157039000.00000
2266   11198314000.00000
2267   11239727000.00000
2268   11281280000.00000
2269   11322972000.00000
2270   11364804000.00000
2271   11406776000.00000
2272   11448889000.00000
2273   11491143000.00000
2274   11533539000.00000
2275   11576076000.00000
2276   11618756000.00000
2277   11661579000.00000
2278   11704544000.00000
2279   11747654000.00000
2280   11790907000.00000
2281   11834305000.00000
2282   11877848000.00000
2283   11921537000.00000
2284   11965371000.00000
2285   12009352000.00000
2286   12053479000.00000
2287   12097753000.00000
2288   12142175000.00000
2289   12186745000.00000
2290   12231463000.00000
2291   12276331000.00000
2292   12321347000.00000
2293   12366514000.00000
2294   12411830000.00000
2295   12457298000.00000
2296   12502916000.00000
2297   12548686000.00000
2298   12594608000.00000
2299   12640683000.00000
2300   12686911000.00000
2301   12733292000.00000
2302   12779826000.00000
2303   12826516000.00000
2304   12873360000.00000
2305   12920359000.00000
2306   12967514000.00000
2307   13014825000.00000
2308   13062292000.00000
2309   13109917000.00000
2310   13157699000.00000
2311   13205640000.00000
2312   13253739000.00000
2313   13301997000.00000
2314   13350414000.00000
2315   13398991000.00000
2316   13447729000.00000
2317   13496627000.00000
2318   13545687000.00000
2319   13594908000.00000
2320   13644292000.00000
2321   13693839000.00000
2322   13743549000.00000
2323   13793422000.00000
2324   13843460000.00000
2325   13893663000.00000
2326   13944031000.00000
2327   13994564000.00000
2328   14045264000.00000
2329   14096130000.00000
2330   14147163000.00000
2331   14198364000.00000
2332   14249734000.00000
2333   14301271000.00000
2334   14352978000.00000
2335   14404855000.00000
2336   14456902000.00000
2337   14509119000.00000
2338   14561507000.00000
2339   14614068000.00000
2340   14666800000.00000
2341   14719705000.00000
2342   14772783000.00000
2343   14826034000.00000
2344   14879460000.00000
2345   14933061000.00000
2346   14986837000.00000
2347   15040788000.00000
2348   15094916000.00000
2349   15149220000.00000
2350   15203702000.00000
2351   15258361000.00000
2352   15313199000.00000
2353   15368216000.00000
2354   15423411000.00000
2355   15478787000.00000
2356   15534343000.00000
2357   15590080000.00000
2358   15645999000.00000
2359   15702099000.00000
2360   15758382000.00000
2361   15814848000.00000
2362   15871498000.00000
2363   15928332000.00000
2364   15985350000.00000
2365   16042554000.00000
2366   16099943000.00000
2367   16157518000.00000
2368   16215281000.00000
2369   16273230000.00000
2370   16331368000.00000
2371   16389694000.00000
2372   16448209000.00000
2373   16506914000.00000
2374   16565808000.00000
2375   16624894000.00000
2376   16684170000.00000
2377   16743638000.00000
2378   16803299000.00000
2379   16863152000.00000
2380   16923199000.00000
2381   16983440000.00000
2382   17043875000.00000
2383   17104506000.00000
2384   17165332000.00000
2385   17226354000.00000
2386   17287574000.00000
2387   17348990000.00000
2388   17410605000.00000
2389   17472418000.00000
2390   17534430000.00000
2391   17596642000.00000
2392   17659054000.00000
2393   17721667000.00000
2394   17784481000.00000
2395   17847498000.00000
2396   17910716000.00000
2397   17974139000.00000
2398   18037764000.00000
2399   18101594000.00000
2400   18165630000.00000
2401   18229870000.00000
2402   18294317000.00000
2403   18358970000.00000
2404   18423831000.00000
2405   18488899000.00000
2406   18554176000.00000
2407   18619662000.00000
2408   18685358000.00000
2409   18751264000.00000
2410   18817381000.00000
2411   18883710000.00000
2412   18950250000.00000
2413   19017003000.00000
2414   19083970000.00000
2415   19151150000.00000
2416   19218545000.00000
2417   19286156000.00000
2418   19353981000.00000
2419   19422024000.00000
2420   19490283000.00000
2421   19558760000.00000
2422   19627455000.00000
2423   19696370000.00000
2424   19765503000.00000
2425   19834857000.00000
2426   19904431000.00000
2427   19974227000.00000
2428   20044245000.00000
2429   20114486000.00000
2430   20184950000.00000
2431   20255638000.00000
2432   20326550000.00000
2433   20397688000.00000
2434   20469051000.00000
2435   20540641000.00000
2436   20612458000.00000
2437   20684503000.00000
2438   20756776000.00000
2439   20829278000.00000
2440   20902010000.00000
2441   20974973000.00000
2442   21048166000.00000
2443   21121592000.00000
2444   21195249000.00000
2445   21269140000.00000
2446   21343264000.00000
2447   21417623000.00000
2448   21492216000.00000
2449   21567045000.00000
2450   21642111000.00000
2451   21717413000.00000
2452   21792954000.00000
2453   21868732000.00000
2454   21944750000.00000
2455   22021007000.00000
2456   22097505000.00000
2457   22174244000.00000
2458   22251224000.00000
2459   22328447000.00000
2460   22405913000.00000
2461   22483623000.00000
2462   22561577000.00000
2463   22639777000.00000
2464   22718222000.00000
2465   22796914000.00000
2466   22875853000.00000
2467   22955040000.00000
2468   23034476000.00000
2469   23114161000.00000
2470   23194096000.00000
2471   23274282000.00000
2472   23354719000.00000
2473   23435409000.00000
2474   23516351000.00000
2475   23597547000.00000
2476   23678997000.00000
2477   23760703000.00000
2478   23842664000.00000
2479   23924881000.00000
2480   24007356000.00000
2481   24090088000.00000
2482   24173079000.00000
2483   24256330000.00000
2484   24339840000.00000
2485   24423612000.00000
2486   24507644000.00000
2487   24591939000.00000
2488   24676498000.00000
2489   24761319000.00000
2490   24846406000.00000
2491   24931757000.00000
2492   25017374000.00000
2493   25103259000.00000
2494   25189410000.00000
2495   25275830000.00000
2496   25362518000.00000
2497   25449477000.00000
2498   25536705000.00000
2499   25624205000.00000
2500   25711977000.00000
2501   25800022000.00000
2502   25888340000.00000
2503   25976932000.00000
2504   26065799000.00000
2505   26154942000.00000
2506   26244362000.00000
2507   26334058000.00000
2508   26424033000.00000
2509   26514287000.00000
2510   26604820000.00000
2511   26695634000.00000
2512   26786729000.00000
2513   26878105000.00000
2514   26969765000.00000
2515   27061708000.00000
2516   27153935000.00000
2517   27246447000.00000
2518   27339246000.00000
2519   27432331000.00000
2520   27525703000.00000
2521   27619364000.00000
2522   27713313000.00000
2523   27807553000.00000
2524   27902083000.00000
2525   27996905000.00000
2526   28092019000.00000
2527   28187426000.00000
2528   28283127000.00000
2529   28379122000.00000
2530   28475413000.00000
2531   28572001000.00000
2532   28668885000.00000
2533   28766068000.00000
2534   28863549000.00000
2535   28961330000.00000
2536   29059411000.00000
2537   29157794000.00000
2538   29256479000.00000
2539   29355467000.00000
2540   29454758000.00000
2541   29554354000.00000
2542   29654255000.00000
2543   29754463000.00000
2544   29854978000.00000
2545   29955801000.00000
2546   30056933000.00000
2547   30158374000.00000
2548   30260126000.00000
2549   30362189000.00000
2550   30464564000.00000
2551   30567253000.00000
2552   30670255000.00000
2553   30773572000.00000
2554   30877205000.00000
2555   30981154000.00000
2556   31085421000.00000
2557   31190006000.00000
2558   31294910000.00000
2559   31400134000.00000
2560   31505679000.00000
2561   31611546000.00000
2562   31717735000.00000
2563   31824248000.00000
2564   31931085000.00000
2565   32038248000.00000
2566   32145736000.00000
2567   32253552000.00000
2568   32361696000.00000
2569   32470168000.00000
2570   32578971000.00000
2571   32688103000.00000
2572   32797568000.00000
2573   32907365000.00000
2574   33017495000.00000
2575   33127960000.00000
2576   33238759000.00000
2577   33349895000.00000
2578   33461368000.00000
2579   33573179000.00000
2580   33685328000.00000
2581   33797818000.00000
2582   33910648000.00000
2583   34023819000.00000
2584   34137333000.00000
2585   34251191000.00000
2586   34365393000.00000
2587   34479940000.00000
2588   34594834000.00000
2589   34710074000.00000
2590   34825663000.00000
2591   34941601000.00000
2592   35057889000.00000
2593   35174528000.00000
2594   35291519000.00000
2595   35408863000.00000
2596   35526560000.00000
2597   35644613000.00000
2598   35763021000.00000
2599   35881786000.00000
2600   36000908000.00000
2601   36120390000.00000
2602   36240230000.00000
2603   36360432000.00000
2604   36480995000.00000
2605   36601920000.00000
2606   36723209000.00000
2607   36844863000.00000
2608   36966882000.00000
2609   37089267000.00000
2610   37212020000.00000
2611   37335141000.00000
2612   37458632000.00000
2613   37582493000.00000
2614   37706725000.00000
2615   37831330000.00000
2616   37956308000.00000
2617   38081661000.00000
2618   38207389000.00000
2619   38333494000.00000
2620   38459976000.00000
2621   38586836000.00000
2622   38714076000.00000
2623   38841697000.00000
2624   38969699000.00000
2625   39098083000.00000
2626   39226851000.00000
2627   39356004000.00000
2628   39485542000.00000
2629   39615467000.00000
2630   39745779000.00000
2631   39876480000.00000
2632   40007571000.00000
2633   40139053000.00000
2634   40270927000.00000
2635   40403193000.00000
2636   40535854000.00000
2637   40668909000.00000
2638   40802361000.00000
2639   40936209000.00000
2640   41070456000.00000
2641   41205102000.00000
2642   41340148000.00000
2643   41475596000.00000
2644   41611446000.00000
2645   41747700000.00000
2646   41884358000.00000
2647   42021422000.00000
2648   42158892000.00000
2649   42296771000.00000
2650   42435058000.00000
2651   42573755000.00000
2652   42712863000.00000
2653   42852384000.00000
2654   42992318000.00000
2655   43132666000.00000
2656   43273429000.00000
2657   43414609000.00000
2658   43556207000.00000
2659   43698224000.00000
2660   43840660000.00000
2661   43983518000.00000
2662   44126797000.00000
2663   44270500000.00000
2664   44414627000.00000
2665   44559180000.00000
2666   44704159000.00000
2667   44849566000.00000
2668   44995402000.00000
2669   45141668000.00000
2670   45288365000.00000
2671   45435494000.00000
2672   45583057000.00000
2673   45731054000.00000
2674   45879487000.00000
2675   46028357000.00000
2676   46177665000.00000
2677   46327412000.00000
2678   46477599000.00000
2679   46628228000.00000
2680   46779299000.00000
2681   46930815000.00000
2682   47082775000.00000
2683   47235181000.00000
2684   47388035000.00000
2685   47541338000.00000
2686   47695090000.00000
2687   47849292000.00000
2688   48003947000.00000
2689   48159056000.00000
2690   48314618000.00000
2691   48470637000.00000
2692   48627112000.00000
2693   48784045000.00000
2694   48941437000.00000
2695   49099290000.00000
2696   49257604000.00000
2697   49416382000.00000
2698   49575623000.00000
2699   49735330000.00000
2700   49895503000.00000
2701   50056144000.00000
2702   50217254000.00000
2703   50378834000.00000
2704   50540885000.00000
2705   50703409000.00000
2706   50866407000.00000
2707   51029881000.00000
2708   51193830000.00000
2709   51358257000.00000
2710   51523163000.00000
2711   51688549000.00000
2712   51854416000.00000
2713   52020766000.00000
2714   52187600000.00000
2715   52354919000.00000
2716   52522725000.00000
2717   52691018000.00000
2718   52859800000.00000
2719   53029072000.00000
2720   53198836000.00000
2721   53369092000.00000
2722   53539843000.00000
2723   53711088000.00000
2724   53882831000.00000
2725   54055071000.00000
2726   54227811000.00000
2727   54401051000.00000
2728   54574793000.00000
2729   54749038000.00000
2730   54923787000.00000
2731   55099043000.00000
2732   55274805000.00000
2733   55451075000.00000
2734   55627856000.00000
2735   55805147000.00000
2736   55982950000.00000
2737   56161267000.00000
2738   56340100000.00000
2739   56519448000.00000
2740   56699314000.00000
2741   56879699000.00000
2742   57060605000.00000
2743   57242032000.00000
2744   57423982000.00000
2745   57606456000.00000
2746   57789457000.00000
2747   57972984000.00000
2748   58157040000.00000
2749   58341625000.00000
2750   58526742000.00000
2751   58712391000.00000
2752   58898575000.00000
2753   59085293000.00000
2754   59272548000.00000
2755   59460342000.00000
2756   59648674000.00000
2757   59837548000.00000
2758   60026964000.00000
2759   60216923000.00000
2760   60407428000.00000
2761   60598478000.00000
2762   60790077000.00000
2763   60982225000.00000
2764   61174924000.00000
2765   61368174000.00000
2766   61561978000.00000
2767   61756338000.00000
2768   61951253000.00000
2769   62146726000.00000
2770   62342758000.00000
2771   62539351000.00000
2772   62736507000.00000
2773   62934225000.00000
2774   63132509000.00000
2775   63331358000.00000
2776   63530776000.00000
2777   63730763000.00000
2778   63931321000.00000
2779   64132451000.00000
2780   64334155000.00000
2781   64536434000.00000
2782   64739289000.00000
2783   64942723000.00000
2784   65146736000.00000
2785   65351330000.00000
2786   65556507000.00000
2787   65762267000.00000
2788   65968614000.00000
2789   66175547000.00000
2790   66383069000.00000
2791   66591180000.00000
2792   66799884000.00000
2793   67009180000.00000
2794   67219071000.00000
2795   67429558000.00000
2796   67640642000.00000
2797   67852325000.00000
2798   68064610000.00000
2799   68277496000.00000
2800   68490986000.00000
2801   68705081000.00000
2802   68919782000.00000
2803   69135092000.00000
2804   69351012000.00000
2805   69567544000.00000
2806   69784688000.00000
2807   70002446000.00000
2808   70220821000.00000
2809   70439813000.00000
2810   70659425000.00000
2811   70879657000.00000
2812   71100512000.00000
2813   71321990000.00000
2814   71544094000.00000
2815   71766825000.00000
2816   71990184000.00000
2817   72214174000.00000
2818   72438796000.00000
2819   72664050000.00000
2820   72889940000.00000
2821   73116467000.00000
2822   73343632000.00000
2823   73571437000.00000
2824   73799883000.00000
2825   74028972000.00000
2826   74258706000.00000
2827   74489086000.00000
2828   74720114000.00000
2829   74951792000.00000
2830   75184121000.00000
2831   75417103000.00000
2832   75650740000.00000
2833   75885032000.00000
2834   76119983000.00000
2835   76355592000.00000
2836   76591863000.00000
2837   76828797000.00000
2838   77066395000.00000
2839   77304660000.00000
2840   77543592000.00000
2841   77783194000.00000
2842   78023467000.00000
2843   78264412000.00000
2844   78506033000.00000
2845   78748329000.00000
2846   78991303000.00000
2847   79234957000.00000
2848   79479293000.00000
2849   79724311000.00000
2850   79970014000.00000
2851   80216404000.00000
2852   80463482000.00000
2853   80711250000.00000
2854   80959709000.00000
2855   81208862000.00000
2856   81458710000.00000
2857   81709254000.00000
2858   81960498000.00000
2859   82212441000.00000
2860   82465087000.00000
2861   82718437000.00000
2862   82972492000.00000
2863   83227254000.00000
2864   83482726000.00000
2865   83738908000.00000
2866   83995803000.00000
2867   84253413000.00000
2868   84511739000.00000
2869   84770783000.00000
2870   85030546000.00000
2871   85291032000.00000
2872   85552240000.00000
2873   85814174000.00000
2874   86076835000.00000
2875   86340225000.00000
2876   86604345000.00000
2877   86869198000.00000
2878   87134784000.00000
2879   87401107000.00000
2880   87668168000.00000
2881   87935969000.00000
2882   88204511000.00000
2883   88473797000.00000
2884   88743828000.00000
2885   89014606000.00000
2886   89286133000.00000
2887   89558411000.00000
2888   89831441000.00000
2889   90105226000.00000
2890   90379768000.00000
2891   90655067000.00000
2892   90931127000.00000
2893   91207949000.00000
2894   91485535000.00000
2895   91763887000.00000
2896   92043006000.00000
2897   92322895000.00000
2898   92603556000.00000
2899   92884990000.00000
2900   93167199000.00000
2901   93450186000.00000
2902   93733952000.00000
2903   94018499000.00000
2904   94303829000.00000
2905   94589944000.00000
2906   94876845000.00000
2907   95164536000.00000
2908   95453017000.00000
2909   95742291000.00000
2910   96032360000.00000
2911   96323226000.00000
2912   96614890000.00000
2913   96907354000.00000
2914   97200621000.00000
2915   97494693000.00000
2916   97789571000.00000
2917   98085257000.00000
2918   98381754000.00000
2919   98679064000.00000
2920   98977188000.00000
2921   99276128000.00000
2922   99575887000.00000
2923   99876466000.00000
2924  100177870000.00000
2925  100480090000.00000
2926  100783150000.00000
2927  101087030000.00000
2928  101391740000.00000
2929  101697280000.00000
2930  102003660000.00000
2931  102310880000.00000
2932  102618930000.00000
2933  102927830000.00000
2934  103237570000.00000
2935  103548150000.00000
2936  103859580000.00000
2937  104171860000.00000
2938  104484990000.00000
2939  104798970000.00000
2940  105113810000.00000
2941  105429510000.00000
2942  105746060000.00000
2943  106063480000.00000
2944  106381760000.00000
2945  106700900000.00000
2946  107020920000.00000
2947  107341800000.00000
2948  107663560000.00000
2949  107986190000.00000
2950  108309700000.00000
2951  108634080000.00000
2952  108959350000.00000
2953  109285500000.00000
2954  109612530000.00000
2955  109940450000.00000
2956  110269260000.00000
2957  110598960000.00000
2958  110929560000.00000
2959  111261050000.00000
2960  111593440000.00000
2961  111926720000.00000
2962  112260920000.00000
2963  112596010000.00000
2964  112932010000.00000
2965  113268920000.00000
2966  113606750000.00000
2967  113945480000.00000
2968  114285130000.00000
2969  114625700000.00000
2970  114967190000.00000
2971  115309600000.00000
2972  115652930000.00000
2973  115997200000.00000
2974  116342390000.00000
2975  116688510000.00000
2976  117035560000.00000
2977  117383550000.00000
2978  117732480000.00000
2979  118082350000.00000
2980  118433160000.00000
2981  118784920000.00000
2982  119137620000.00000
2983  119491270000.00000
2984  119845870000.00000
2985  120201430000.00000
2986  120557940000.00000
2987  120915420000.00000
2988  121273850000.00000
2989  121633240000.00000
2990  121993610000.00000
2991  122354930000.00000
2992  122717230000.00000
2993  123080500000.00000
2994  123444750000.00000
2995  123809970000.00000
2996  124176170000.00000
2997  124543360000.00000
2998  124911530000.00000
2999  125280680000.00000
3000  125650820000.00000
3001  126021960000.00000
3002  126394090000.00000
3003  126767210000.00000
3004  127141330000.00000
3005  127516460000.00000
3006  127892580000.00000
3007  128269720000.00000
3008  128647860000.00000
3009  129027010000.00000
3010  129407170000.00000