199               883.9906
200               890.9403
201               897.9191
202               904.9306
203               911.9592
204               919.0204
205               926.1091
206               933.2304
207               940.3706
208               947.5503
209               954.7505
210               961.9800
211               969.2506
212               976.5401
213               983.8605
214               991.1998
215               998.5803
216              1005.9899
217              1013.4305
218              1020.9002
219              1028.4008
220              1035.9392
221              1043.4999
222              1051.0898
223              1058.7208
224              1066.3794
225              1074.0602
226              1081.7908
227              1089.5403
228              1097.3293
229              1105.1406
230              1113.0000
231              1120.8799
232              1128.7993
233              1136.7496
234              1144.7394
235              1152.7601
236              1160.8100
237              1168.8994
238              1177.0299
239              1185.1793
240              1193.3802
241              1201.6103
242              1209.8696
243              1218.1803
244              1226.5100
245              1234.8894
246              1243.2997
247              1251.7495
248              1260.2302
249              1268.7503
250              1277.3100
251              1285.9108
252              1294.5494
253              1303.2206
254              1311.9399
255              1320.6900
256              1329.4796
257              1338.3105
258              1347.1808
259              1356.0906
260              1365.0398
261              1374.0303
262              1383.0705
263              1392.1399
264              1401.2505
265              1410.4092
266              1419.6107
267              1428.8500
268              1438.1306
269              1447.4591
270              1456.8306
271              1466.2399
272              1475.6903
273              1485.1906
274              1494.7302
275              1504.3197
276              1513.9504
277              1523.6308
278              1533.3507
279              1543.1204
280              1552.9296
281              1562.7903
282              1572.6904
283              1582.6403
284              1592.6400
285              1602.6895
286              1612.7801
287              1622.9205
288              1633.1108
289              1643.3507
290              1653.6405
291              1663.9697
292              1674.3505
293              1684.7895
294              1695.2698
295              1705.8102
296              1716.3900
297              1727.0145
298              1737.7076
299              1748.4522
300              1759.2483
301              1770.0787
302              1780.9778
303              1791.9283
304              1802.9132
305              1813.9668
306              1825.0718
307              1836.2455
308              1847.4535
309              1858.7131
310              1870.0412
311              1881.4209
312              1892.8521
313              1904.3347
314              1915.8860
315              1927.4888
316              1939.1431
317              1950.8660
318              1962.6405
319              1974.4836
320              1986.3781
321              1998.3242
322              2010.3218
323              2022.3880
324              2034.5229
325              2046.6921
326              2058.9471
327              2071.2536
328              2083.6116
329              2096.0555
330              2108.5336
331              2121.0976
332              2133.7131
333              2146.3972
334              2159.1328
335              2171.9371
336              2184.7928
337              2197.7344
338              2210.7275
339              2223.7892
340              2236.9196
341              2250.1186
342              2263.3692
343              2276.6884
344              2290.0762
345              2303.5327
346              2317.0578
347              2330.6517
348              2344.3141
349              2358.0452
350              2371.8450